2021-04-10_17:02:19.316339

 begin log for calibration v1[A1.8047150377660792
1.90461890592813
1.8079377431906614
1.8047150377660792
1.9561821927214464
1.9690730144197757
1.9529594872968643
2.0109681849393453
1.9175097276264592
2.0367498283360037
1.9078416113527121
1.90461890592813
1.930400549324788
2.0593087663080794
1.9465140764476996
1.9271778439002059
2.0109681849393453
2.0367498283360037
1.9594048981460288
1.9336232547493706
1.8788372625314715
1.985186541542687
2.1237628747997253
2.0560860608834974
2.0496406500343327
1.9110643167772945
1.9980773632410163
1.981963836118105
1.7789333943694208
0.9893705653467612
1.057047379262989
1.1827328908216983
0.9893705653467612
1.1086106660563058
1.2761913481345846
1.6532478828107118
2.6845136186770424
2.1398764019226366
1.9336232547493706
1.8304966811627372
2.0109681849393453
1.882059967956054
1.9690730144197757
1.8788372625314715
1.882059967956054
1.8433875028610665
1.7241474021515222
1.9110643167772945
1.7273701075761043
1.7821560997940031
1.8047150377660792
1.711256580453193
1.8530556191348135
1.8304966811627372
1.6596932936598765
1.6596932936598765
1.6983657587548637
1.985186541542687
2.210775921263447
2.165658045319295
1.7531517509727625
1.6758068207827879
1.7273701075761043
1.8530556191348135
1.6500251773861294
1.6596932936598765
1.7402609292744335
1.598461890592813
1.5726802471961545
1.327754634927901
0.8475715266651408
0.9797024490730144
1.076383611810483
0.9474753948271916
1.0699382009613183
1.2246280613412681
1.3180865186541542
1.4437720302128632
1.5694575417715724
1.598461890592813
1.598461890592813
1.5855710688944837
1.5694575417715724
1.5694575417715724
1.6725841153582053
1.517894254978256
1.5694575417715724
1.5404531929503318
1.6274662394140536
1.4469947356374455
1.3148638132295718
1.4534401464866102
1.327754634927901
1.7241474021515222
1.4437720302128632
1.3116411078049897
1.2987502861066604
1.2407415884641795
0.760558480201419
0.7702265964751659
0.7186633096818493
0.8701304646372168
0.8088990615701533
1.0924971389333944
1.0344884412909132
0.8701304646372168
0.7670038910505836
1.2761913481345846
0.9829251544975967
0.9313618677042801
0.8701304646372168
1.04415655756466
1.3793179217212175
0.9442526894026093
0.9442526894026093
0.783117418173495
0.8797985809109636
0.9506981002517738
1.0183749141680019
1.2214053559166858
1.0860517280842297
1.0344884412909132
1.031265735866331
1.098942549782559
1.0957198443579768
1.0957198443579768
1.1827328908216983
1.031265735866331
1.0183749141680019
1.089274433508812
1.4598855573357747
1.985186541542687
1.4179903868162052
1.3986541542687112
1.4469947356374455
1.4437720302128632
1.4147676813916226
1.3664271000228883
1.9142870222018766
1.327754634927901
1.3019729915312426
1.3084184023804073
1.2665232318608375
1.4631082627603569
1.3825406271457998
1.3535362783245595
1.3535362783245595
1.2987502861066604
1.3503135728999769
1.4502174410620279
1.4212130922407873
1.4663309681849392
1.4179903868162052
1.5082261387045088
1.6306889448386357
1.6468024719615473
1.6596932936598765
1.292304875257496
1.2987502861066604
1.3632043945983061
1.3922087434195467
1.4018768596932936
1.4534401464866102
1.8530556191348135
1.981963836118105
1.7821560997940031
1.8176058594644082
1.8047150377660792
1.7241474021515222
1.7305928130006865
1.711256580453193
1.5404531929503318
1.5501213092240786
1.5823483634699016
1.6983657587548637
1.9690730144197757
2.220444037537194
1.8852826733806363
1.7724879835202563
1.824051270313573
1.6854749370565345
1.6983657587548637
1.7402609292744335
1.6951430533302816
1.6177981231403067
1.5920164797436482
1.5855710688944837
1.6468024719615473
1.6596932936598765
2.0109681849393453
2.0141908903639276
1.8014923323414966
1.7499290455481802
1.633911650263218
1.4341039139391165
1.405099565117876
1.4147676813916226
1.598461890592813
1.5855710688944837
1.598461890592813
1.5952391851682308
1.5823483634699016
1.5050034332799267
1.56623483634699
1.5404531929503318
1.5146715495536736
2.6393957427328907
2.085090409704738
1.962627603570611
1.9690730144197757
1.8917280842298008
1.7048111696040282
1.6983657587548637
1.7789333943694208
1.90461890592813
1.9722957198443578
2.297788967727169
2.152767223620966
2.101203936827649
2.552382696269169
1.994854657816434
1.9594048981460288
2.062531471732662
2.1398764019226366
2.101203936827649
1.521116960402838
1.4631082627603569
1.5340077821011673
1.9078416113527121
2.0560860608834974
2.072199588006409
2.858539711604486
2.204330510414282
2.0045227740901805
2.0754222934309907
1.827273975738155
1.6049073014419775
1.4888899061570153
1.4534401464866102
1.5855710688944837
1.6371343556878002
1.6758068207827879
1.7886015106431679
2.0560860608834974
2.3300160219729915
2.5233783474479283
2.6007232776379032
2.8488715953307393
3.196923781185626
3.1937010757610436
3.1937010757610436
3.1937010757610436
3.196923781185626
3.196923781185626
3.200146486610208
3.196923781185626
3.200146486610208
3.200146486610208
3.196923781185626
3.196923781185626
3.196923781185626
2.984225223163195
2.597500572213321
2.423474479285878
2.101203936827649
1.7499290455481802
1.430881208514534
1.6274662394140536
1.3567589837491416
1.134392309452964
0.9764797436484322
1.0183749141680019
0.7541130693522544
0.4608468757152666
1.3374227512016479
0.8250125886930647
0.48018310826276034
0.6187594415197984
0.6187594415197984
0.5865323872739757
0.5800869764248112
0.5768642710002289
0.5865323872739757
0.5543053330281529
0.41895170519569697
0.41250629434653235
0.3802792401007095
0.5607507438773174
0.5639734493018997
0.589755092698558
0.6090913252460517
0.5414145113298238
0.7541130693522544
0.8346807049668116
0.8250125886930647
1.1505058365758754
1.2439642938887616
1.3503135728999769
1.5726802471961545
1.4824444953078508
1.5082261387045088
1.6371343556878002
1.4631082627603569
1.601684596017395
1.5823483634699016
1.4921126115815975
1.643579766536965
1.4921126115815975
1.5050034332799267
1.5565667200732431
1.3922087434195467
1.543675898374914
1.5114488441290912
1.4018768596932936
1.5759029526207369
1.4469947356374455
1.4921126115815975
1.5759029526207369
1.4663309681849392
1.6468024719615473
1.521116960402838
1.6500251773861294
1.6081300068665596
1.5468986037994965
1.6854749370565345
1.517894254978256
1.7305928130006865
1.714479285877775
1.633911650263218
1.8304966811627372
1.6951430533302816
1.8852826733806363
1.756374456397345
1.8659464408331423
1.79182421606775
1.8788372625314715
1.8401647974364843
1.8304966811627372
1.994854657816434
1.8530556191348135
1.9432913710231172
2.0109681849393453
1.962627603570611
1.8756145571068894
2.033527122911421
1.9078416113527121
1.9271778439002059
2.0560860608834974
2.0206363012130923
1.9110643167772945
2.101203936827649
2.030304417486839
1.9142870222018766
2.097981231403067
1.9432913710231172
2.1108720531013963
1.981963836118105
2.107649347676814
2.072199588006409
2.0496406500343327
2.0464179446097504
2.133430991073472
1.9594048981460288
2.1495445181963837
2.0464179446097504
2.152767223620966
2.184994277866789
2.165658045319295
2.320347905699245
2.246225680933852
2.4009155413138017
2.291343556878004
2.423474479285878
2.3074570840009154
2.3848020141908903
2.226889448386358
2.3300160219729915
2.1398764019226366
2.2397802700846876
2.0818677042801554
2.1398764019226366
1.9884092469672694
1.9787411306935223
1.9078416113527121
1.8047150377660792
1.849832913710231
1.711256580453193
1.827273975738155
1.711256580453193
1.827273975738155
1.6371343556878002
1.79182421606775
1.6468024719615473
1.8079377431906614
1.6500251773861294
1.8047150377660792
1.7273701075761043
1.8047150377660792
1.7273701075761043
1.824051270313573
1.8304966811627372
1.7982696269169145
1.8788372625314715
1.9594048981460288
1.859501029983978
1.9980773632410163
1.9207324330510414
2.065754177157244
1.9690730144197757
2.072199588006409
1.9916319523918515
2.0367498283360037
2.033527122911421
2.0077454795147633
2.062531471732662
2.0109681849393453
2.101203936827649
2.0367498283360037
2.085090409704738
2.0045227740901805
2.085090409704738
1.9529594872968643
2.101203936827649
1.9465140764476996
2.1269855802243076
1.9722957198443578
2.133430991073472
2.0045227740901805
2.143099107347219
1.981963836118105
2.1269855802243076
1.9690730144197757
2.133430991073472
1.9690730144197757
2.08831311512932
2.114094758525978
2.0464179446097504
1.994854657816434
2.0109681849393453
2.039972533760586
2.143099107347219
2.0109681849393453
2.1398764019226366
2.0367498283360037
2.1398764019226366
2.0109681849393453
2.1592126344701303
2.0818677042801554
2.0238590066376747
2.1173174639505605
2.0141908903639276
2.1237628747997253
2.0206363012130923
2.0077454795147633
2.0109681849393453
2.114094758525978
1.9980773632410163
2.114094758525978
1.9722957198443578
2.1173174639505605
1.981963836118105
2.1398764019226366
1.9787411306935223
2.133430991073472
2.0077454795147633
2.085090409704738
1.9594048981460288
2.08831311512932
1.9561821927214464
2.0818677042801554
1.9594048981460288
2.1173174639505605
2.0206363012130923
2.1366536964980547
2.0754222934309907
2.072199588006409
2.107649347676814
1.9980773632410163
2.072199588006409
2.0818677042801554
2.1398764019226366
2.0464179446097504
2.107649347676814
2.1624353398947123
2.0593087663080794
2.114094758525978
2.1173174639505605
2.1173174639505605
1.9787411306935223
2.133430991073472
1.985186541542687
2.0045227740901805
2.0238590066376747
1.8852826733806363
2.033527122911421
1.9529594872968643
1.9271778439002059
1.962627603570611
1.9078416113527121
1.981963836118105
1.9368459601739527
1.8304966811627372
1.994854657816434
1.827273975738155
1.9175097276264592
1.827273975738155
1.9884092469672694
1.981963836118105
1.8659464408331423
2.0109681849393453
1.994854657816434
2.039972533760586
1.9594048981460288
1.9690730144197757
2.072199588006409
2.033527122911421
1.9529594872968643
1.9207324330510414
1.9175097276264592
1.9013962005035476
2.0109681849393453
2.08831311512932
2.033527122911421
1.9561821927214464
