
 begin log for calibration v1FourierVis_2021-03-27 17:24:51.6476793.196923781185626
2.632950331883726
2.6297276264591436
2.574941634241245
2.574941634241245
2.5233783474479283
2.5233783474479283
2.5201556420233464
2.574941634241245
2.574941634241245
2.758635843442435
3.1163561455710687
3.0132295719844358
2.9101029983978024
2.8843213550011444
2.703849851224536
2.655509269855802
2.4492561226825362
2.6845136186770424
2.6393957427328907
2.6007232776379032
2.6232822156099793
2.7715266651407644
2.8875440604257263
3.0680155642023346
3.042233920805676
3.1840329594872965
3.196923781185626
3.196923781185626
2.823089951934081
3.0680155642023346
3.1937010757610436
3.196923781185626
3.1937010757610436
3.196923781185626
3.196923781185626
3.196923781185626
3.13246967269398
2.993893339436942
3.1937010757610436
3.196923781185626
3.1937010757610436
3.196923781185626
3.1937010757610436
3.1904783703364616
3.196923781185626
3.13246967269398
2.1624353398947123
1.6371343556878002
1.5855710688944837
2.0560860608834974
2.881098649576562
2.9874479285877773
3.0680155642023346
3.1389150835431447
3.196923781185626
3.1904783703364616
3.1840329594872965
3.1840329594872965
3.196923781185626
3.1711421377889675
1.5565667200732431
1.4115449759670404
1.6532478828107118
1.8530556191348135
1.5855710688944837
1.2987502861066604
1.1633966582742046
1.1086106660563058
1.0022613870450903
1.0506019684138246
1.0248203250171664
1.0087067978942548
0.9506981002517738
0.9893705653467612
1.053824673838407
1.15695124742504
1.237518883039597
1.292304875257496
1.4631082627603569
1.5243396658274204
1.4179903868162052
2.101203936827649
2.1914396887159535
2.1108720531013963
2.3944701304646374
2.3944701304646374
2.359020370794232
2.317125200274662
1.6081300068665596
0.9797024490730144
1.237518883039597
1.4437720302128632
1.6371343556878002
1.6886976424811169
1.711256580453193
1.6983657587548637
3.042233920805676
3.1904783703364616
3.196923781185626
3.196923781185626
3.196923781185626
3.042233920805676
1.9465140764476996
1.4921126115815975
1.3922087434195467
1.2987502861066604
1.5694575417715724
1.5243396658274204
1.9368459601739527
3.1937010757610436
3.1937010757610436
3.1937010757610436
3.1904783703364616
3.1904783703364616
3.1840329594872965
3.1840329594872965
3.1937010757610436
3.1840329594872965
3.196923781185626
2.829535362783245
2.8069764248111695
2.678068207827878
2.678068207827878
3.1840329594872965
2.7360769054703593
2.5491599908445868
3.1904783703364616
3.1904783703364616
2.9101029983978024
3.042233920805676
3.196923781185626
2.8359807736324103
2.1108720531013963
1.8949507896543831
1.9175097276264592
1.7499290455481802
1.7628198672465094
3.196923781185626
3.196923781185626
2.4492561226825362
1.8949507896543831
1.521116960402838
1.8788372625314715
1.79182421606775
1.0280430304417487
0.5253009842069123
0.52207827878233
0.5253009842069123
0.52207827878233
0.5124101625085832
0.5253009842069123
0.5188555733577477
0.5253009842069123
0.5285236896314945
0.5317463950560769
0.6380956740672923
0.9281391622796978
0.5833096818493934
0.6316502632181277
0.5994232089723048
0.5736415655756466
0.5188555733577477
0.5188555733577477
0.6316502632181277
0.6832135500114441
1.2761913481345846
1.2246280613412681
1.4018768596932936
1.5468986037994965
1.5855710688944837
1.2858594644083312
0.6090913252460517
0.5188555733577477
0.5253009842069123
0.5478599221789884
1.6951430533302816
2.4202517738612954
2.371911192492561
2.7425223163195236
2.703849851224536
2.5362691691462578
2.7425223163195236
2.7296314946211946
2.678068207827878
2.552382696269169
1.56623483634699
0.760558480201419
0.6606546120393683
0.8926894026092926
1.1086106660563058
1.8530556191348135
1.9529594872968643
1.8659464408331423
2.1108720531013963
2.4975967040512703
3.196923781185626
3.1840329594872965
3.196923781185626
3.1840329594872965
3.1937010757610436
3.1904783703364616
3.196923781185626
3.1904783703364616
3.196923781185626
3.196923781185626
1.211737239642939
0.8185671778439001
1.04415655756466
1.3148638132295718
1.405099565117876
1.4953353170061798
1.521116960402838
1.5855710688944837
1.0957198443579768
0.6542092011902036
1.237518883039597
1.8788372625314715
1.7273701075761043
1.6983657587548637
1.6500251773861294
1.521116960402838
1.5468986037994965
1.5855710688944837
1.6596932936598765
1.7499290455481802
1.9078416113527121
2.226889448386358
2.5781643396658276
3.0680155642023346
3.1937010757610436
3.196923781185626
3.1840329594872965
3.196923781185626
3.196923781185626
3.1840329594872965
3.196923781185626
3.1904783703364616
3.196923781185626
3.1904783703364616
3.1904783703364616
3.196923781185626
3.1840329594872965
3.1840329594872965
2.935884641794461
2.678068207827878
2.5717189288166624
2.5137102311741817
2.529823758297093
2.4331425955596244
2.31390249485008
2.2172213321126115
2.0367498283360037
1.8949507896543831
1.7499290455481802
1.7241474021515222
1.6274662394140536
1.5855710688944837
1.517894254978256
1.5340077821011673
1.4212130922407873
1.4179903868162052
1.3342000457770655
1.247186999313344
1.2761913481345846
1.2600778210116732
1.189178301670863
1.2987502861066604
1.1859555962462804
1.2987502861066604
1.2052918287937744
1.1730647745479514
1.211737239642939
1.3180865186541542
1.189178301670863
1.15695124742504
1.0957198443579768
1.5468986037994965
1.5694575417715724
1.5404531929503318
1.4824444953078508
1.1215014877546348
1.1859555962462804
1.2729686427100022
1.1859555962462804
1.0957198443579768
1.0054840924696726
0.9378072785534447
1.0087067978942548
0.9893705653467612
0.9797024490730144
0.9958159761959258
1.0860517280842297
1.247186999313344
1.5759029526207369
1.7209246967269396
1.9529594872968643
2.107649347676814
2.165658045319295
2.278452735179675
2.423474479285878
2.6297276264591436
2.655509269855802
2.5233783474479283
2.5362691691462578
2.4975967040512703
2.552382696269169
2.346129549095903
2.359020370794232
2.2720073243305103
2.0496406500343327
1.981963836118105
1.981963836118105
1.90461890592813
1.8562783245593957
1.9336232547493706
1.8014923323414966
1.8337193865873196
1.8047150377660792
1.7821560997940031
1.7209246967269396
1.7821560997940031
1.7305928130006865
1.6983657587548637
1.7209246967269396
1.6983657587548637
1.7273701075761043
1.6468024719615473
1.7048111696040282
1.6532478828107118
1.6242435339894712
1.6242435339894712
1.6725841153582053
1.7273701075761043
1.7305928130006865
1.6725841153582053
1.6242435339894712
1.6371343556878002
1.5952391851682308
1.6242435339894712
1.6242435339894712
1.5694575417715724
1.5468986037994965
1.5952391851682308
1.7628198672465094
1.7789333943694208
1.5823483634699016
1.521116960402838
1.3503135728999769
1.189178301670863
1.214959945067521
1.053824673838407
1.134392309452964
1.1053879606317234
1.237518883039597
1.15695124742504
1.440549324788281
1.5565667200732431
1.4018768596932936
1.6371343556878002
1.6081300068665596
1.7628198672465094
1.7015884641794459
1.8143831540398259
1.5855710688944837
1.5404531929503318
1.6081300068665596
1.8949507896543831
1.90461890592813
1.9271778439002059
1.930400549324788
2.065754177157244
2.0593087663080794
2.0367498283360037
2.0077454795147633
2.0367498283360037
2.1398764019226366
2.31390249485008
2.152767223620966
2.291343556878004
1.9787411306935223
1.9110643167772945
1.985186541542687
1.962627603570611
1.9980773632410163
1.8949507896543831
1.90461890592813
1.9110643167772945
1.90461890592813
1.8337193865873196
1.8337193865873196
1.8659464408331423
1.8788372625314715
1.7531517509727625
1.8852826733806363
2.1173174639505605
2.410583657587549
2.7264087891966122
3.051902037079423
3.196923781185626
3.1937010757610436
3.1840329594872965
3.196923781185626
3.1840329594872965
3.1840329594872965
3.1904783703364616
3.196923781185626
3.1937010757610436
3.1937010757610436
3.1840329594872965
3.196923781185626
3.029343099107347
2.6007232776379032
2.4492561226825362
2.346129549095903
2.213998626688029
2.030304417486839
1.8530556191348135
2.0593087663080794
1.930400549324788
1.8659464408331423
1.7821560997940031
1.6725841153582053
1.5050034332799267
1.4824444953078508
1.4534401464866102
1.430881208514534
1.4018768596932936
1.6274662394140536
1.5404531929503318
1.4534401464866102
1.430881208514534
1.4179903868162052
1.4695536736095216
1.430881208514534
1.292304875257496
1.2761913481345846
1.179510185397116
1.211737239642939
1.3342000457770655
1.3180865186541542
1.214959945067521
1.211737239642939
1.2342961776150148
1.1537285420004577
1.237518883039597
1.1956237125200275
1.2729686427100022
1.15695124742504
1.189178301670863
1.2761913481345846
1.2665232318608375
1.1311696040283816
1.211737239642939
1.237518883039597
1.2085145342183565
1.4018768596932936
1.6210208285648888
1.5404531929503318
1.5759029526207369
1.6177981231403067
1.5694575417715724
1.6242435339894712
1.598461890592813
1.6725841153582053
1.6081300068665596
1.6242435339894712
1.6081300068665596
1.6983657587548637
1.598461890592813
1.643579766536965
1.4727763790341037
1.4018768596932936
1.3793179217212175
1.3760952162966353
1.4888899061570153
1.4373266193636987
1.5243396658274204
1.4566628519111924
1.3889860379949646
1.4921126115815975
1.543675898374914
1.5050034332799267
1.521116960402838
1.5597894254978255
1.5468986037994965
1.5468986037994965
1.6274662394140536
1.5759029526207369
1.5597894254978255
1.6081300068665596
1.5404531929503318
1.5565667200732431
1.6177981231403067
1.521116960402838
1.5823483634699016
1.6081300068665596
1.6081300068665596
1.5468986037994965
1.598461890592813
1.5855710688944837
1.2407415884641795
0.6993270771343556
0.5639734493018997
0.679990844586862
0.6026459143968872
0.49951934081025406
0.49629663538567176
0.5059647516594187
0.49951934081025406
0.49951934081025406
0.49629663538567176
0.6638773174639505
1.6242435339894712
1.711256580453193
1.6274662394140536
1.6725841153582053
1.6274662394140536
1.5694575417715724
1.543675898374914
1.6371343556878002
1.598461890592813
1.6274662394140536
1.6725841153582053
