
 begin log for calibration v12021-03-27 17:04:55.3738521.4888899061570153
0.5994232089723048
0.6219821469443808
2.278452735179675
3.196923781185626
0.6026459143968872
1.5694575417715724
3.196923781185626
1.521116960402838
0.6090913252460517
3.1840329594872965
3.196923781185626
0.6155367360952162
0.6187594415197984
3.196923781185626
3.196923781185626
0.6961043717097734
0.6155367360952162
3.1711421377889675
3.196923781185626
1.6693614099336231
0.5994232089723048
0.6123140306706341
3.196923781185626
0.5994232089723048
3.196923781185626
0.6896589608606087
1.827273975738155
3.196923781185626
3.0390112153810938
0.6864362554360265
0.6090913252460517
2.2172213321126115
3.196923781185626
3.093797207598993
1.4179903868162052
0.6058686198214694
1.5050034332799267
3.196923781185626
3.196923781185626
3.196923781185626
2.7296314946211946
0.6928816662851911
0.6058686198214694
1.395431448844129
3.196923781185626
3.196923781185626
2.758635843442435
0.6896589608606087
0.6058686198214694
1.4921126115815975
3.196923781185626
3.196923781185626
2.655509269855802
0.6896589608606087
0.6058686198214694
0.6123140306706341
1.9013962005035476
3.196923781185626
3.196923781185626
2.6168368047608146
0.6961043717097734
0.6026459143968872
0.8765758754863813
2.1882169832913707
3.196923781185626
0.6961043717097734
0.873353170061799
2.255893797207599
3.196923781185626
3.196923781185626
3.0680155642023346
2.165658045319295
0.6896589608606087
0.5962005035477226
0.6090913252460517
0.679990844586862
1.6886976424811169
3.1711421377889675
3.196923781185626
3.196923781185626
3.196923781185626
3.093797207598993
2.5137102311741817
1.6725841153582053
0.6123140306706341
0.6026459143968872
0.6090913252460517
0.6123140306706341
0.7670038910505836
1.6532478828107118
2.0593087663080794
3.1711421377889675
3.196923781185626
3.196923781185626
3.196923781185626
3.196923781185626
3.196923781185626
3.196923781185626
3.196923781185626
3.148583199816892
2.9874479285877773
3.093797207598993
2.6845136186770424
0.6123140306706341
3.196923781185626
0.6123140306706341
2.471815060654612
1.5726802471961545
1.5468986037994965
2.0367498283360037
2.5781643396658276
3.1711421377889675
1.711256580453193
0.6090913252460517
3.196923781185626
0.7798947127489128
3.196923781185626
1.7724879835202563
0.6090913252460517
2.942330052643625
1.0087067978942548
1.985186541542687
2.5362691691462578
2.9101029983978024
3.196923781185626
3.196923781185626
3.196923781185626
3.1711421377889675
2.7328542000457765
0.6058686198214694
3.196923781185626
3.196923781185626
2.1398764019226366
