
 begin log for calibration v1FourierVis_2021-03-28_15:41:37.6128743.258155184252689
3.258155184252689
2.278452735179675
2.0045227740901805
1.9884092469672694
1.9980773632410163
2.0077454795147633
1.9980773632410163
3.2517097734035247
3.258155184252689
3.258155184252689
2.0077454795147633
1.9980773632410163
3.2517097734035247
3.2517097734035247
3.258155184252689
3.258155184252689
3.258155184252689
3.258155184252689
3.258155184252689
3.258155184252689
3.258155184252689
3.258155184252689
3.2517097734035247
3.258155184252689
3.258155184252689
3.258155184252689
3.258155184252689
3.258155184252689
3.2517097734035247
3.258155184252689
3.258155184252689
3.258155184252689
3.258155184252689
3.258155184252689
3.258155184252689
3.258155184252689
3.258155184252689
3.258155184252689
3.258155184252689
3.258155184252689
3.258155184252689
3.258155184252689
3.258155184252689
1.9980773632410163
2.0045227740901805
3.2517097734035247
3.2517097734035247
3.258155184252689
3.258155184252689
3.258155184252689
3.258155184252689
3.2517097734035247
1.9980773632410163
2.0077454795147633
1.9980773632410163
2.0045227740901805
1.9980773632410163
2.0045227740901805
1.985186541542687
1.9980773632410163
2.0077454795147633
2.0077454795147633
2.0077454795147633
1.9884092469672694
2.0045227740901805
1.9980773632410163
1.9884092469672694
1.9980773632410163
1.9980773632410163
2.0077454795147633
2.0045227740901805
2.0045227740901805
1.9980773632410163
3.2517097734035247
3.258155184252689
3.258155184252689
3.258155184252689
3.258155184252689
3.2517097734035247
3.258155184252689
3.258155184252689
3.258155184252689
3.258155184252689
3.2517097734035247
3.258155184252689
3.2517097734035247
3.258155184252689
3.258155184252689
3.258155184252689
3.258155184252689
3.2517097734035247
3.2517097734035247
3.258155184252689
3.258155184252689
3.258155184252689
3.2517097734035247
3.258155184252689
3.258155184252689
3.258155184252689
3.2517097734035247
3.2517097734035247
3.258155184252689
3.258155184252689
3.258155184252689
3.2517097734035247
3.2517097734035247
3.258155184252689
3.2517097734035247
3.2517097734035247
3.258155184252689
3.258155184252689
3.2517097734035247
3.258155184252689
3.258155184252689
3.258155184252689
3.2517097734035247
3.258155184252689
3.258155184252689
3.258155184252689
3.2517097734035247
3.2517097734035247
3.2517097734035247
3.2517097734035247
3.258155184252689
3.2517097734035247
3.258155184252689
3.2517097734035247
3.258155184252689
3.2517097734035247
3.2517097734035247
3.258155184252689
3.2517097734035247
3.258155184252689
3.2517097734035247
3.258155184252689
3.258155184252689
3.2517097734035247
3.258155184252689
3.258155184252689
3.2517097734035247
3.258155184252689
3.2517097734035247
3.258155184252689
3.258155184252689
3.258155184252689
3.258155184252689
3.258155184252689
3.258155184252689
3.2517097734035247
3.258155184252689
3.2517097734035247
3.2517097734035247
3.2517097734035247
3.2517097734035247
3.258155184252689
3.258155184252689
3.258155184252689
3.2517097734035247
3.258155184252689
3.2517097734035247
3.2517097734035247
3.258155184252689
3.258155184252689
3.258155184252689
3.258155184252689
3.258155184252689
3.258155184252689
3.258155184252689
3.258155184252689
3.2484870679789424
3.2517097734035247
3.258155184252689
3.258155184252689
3.2517097734035247
3.258155184252689
3.258155184252689
3.258155184252689
3.258155184252689
3.258155184252689
3.2517097734035247
3.258155184252689
3.258155184252689
3.258155184252689
3.2517097734035247
3.258155184252689
3.258155184252689
3.258155184252689
3.2517097734035247
3.2517097734035247
3.2517097734035247
3.258155184252689
3.258155184252689
3.258155184252689
3.2517097734035247
3.258155184252689
3.258155184252689
3.258155184252689
3.258155184252689
3.258155184252689
3.258155184252689
3.258155184252689
3.258155184252689
3.258155184252689
3.2517097734035247
3.258155184252689
3.258155184252689
3.2517097734035247
3.258155184252689
3.258155184252689
3.258155184252689
3.258155184252689
3.258155184252689
3.258155184252689
3.258155184252689
3.258155184252689
3.258155184252689
3.258155184252689
3.258155184252689
3.2517097734035247
3.258155184252689
3.2517097734035247
3.258155184252689
3.258155184252689
3.258155184252689
3.258155184252689
3.2517097734035247
3.258155184252689
3.258155184252689
3.258155184252689
3.258155184252689
3.258155184252689
3.258155184252689
3.258155184252689
3.2517097734035247
3.258155184252689
3.258155184252689
3.258155184252689
3.2517097734035247
3.258155184252689
3.258155184252689
3.258155184252689
3.258155184252689
3.258155184252689
3.258155184252689
3.258155184252689
3.258155184252689
3.258155184252689
3.258155184252689
3.2517097734035247
3.2517097734035247
3.258155184252689
3.258155184252689
3.2517097734035247
3.2517097734035247
3.258155184252689
3.2517097734035247
3.258155184252689
3.258155184252689
3.258155184252689
3.258155184252689
3.2517097734035247
3.258155184252689
3.258155184252689
3.2517097734035247
3.2517097734035247
3.2517097734035247
3.258155184252689
3.258155184252689
3.258155184252689
3.2517097734035247
3.258155184252689
3.258155184252689
3.2517097734035247
3.258155184252689
3.2517097734035247
3.258155184252689
3.258155184252689
3.258155184252689
3.2517097734035247
3.258155184252689
3.258155184252689
3.258155184252689
3.2517097734035247
3.258155184252689
3.258155184252689
3.258155184252689
3.258155184252689
3.258155184252689
3.258155184252689
3.2517097734035247
3.258155184252689
3.258155184252689
3.258155184252689
3.258155184252689
3.258155184252689
3.258155184252689
3.258155184252689
3.2517097734035247
3.258155184252689
3.2517097734035247
3.258155184252689
3.258155184252689
3.258155184252689
3.2517097734035247
3.258155184252689
3.2517097734035247
3.258155184252689
3.2517097734035247
3.258155184252689
3.2517097734035247
3.258155184252689
3.258155184252689
3.2517097734035247
3.2517097734035247
3.258155184252689
3.258155184252689
3.258155184252689
3.258155184252689
3.258155184252689
3.258155184252689
3.2517097734035247
3.258155184252689
3.258155184252689
3.258155184252689
3.258155184252689
3.258155184252689
3.2517097734035247
3.2517097734035247
3.2517097734035247
3.258155184252689
3.2517097734035247
3.258155184252689
3.2517097734035247
3.2517097734035247
3.258155184252689
3.258155184252689
3.2517097734035247
3.2517097734035247
3.258155184252689
3.258155184252689
3.258155184252689
3.2517097734035247
3.2517097734035247
3.2517097734035247
3.258155184252689
3.2517097734035247
3.258155184252689
3.2517097734035247
3.258155184252689
3.258155184252689
3.258155184252689
3.2517097734035247
3.258155184252689
3.2517097734035247
3.2517097734035247
3.258155184252689
3.258155184252689
3.258155184252689
3.258155184252689
3.2517097734035247
3.258155184252689
3.258155184252689
3.258155184252689
3.2517097734035247
3.258155184252689
3.258155184252689
3.258155184252689
3.2517097734035247
3.2517097734035247
3.258155184252689
3.258155184252689
3.258155184252689
3.258155184252689
3.2517097734035247
3.2517097734035247
3.258155184252689
3.258155184252689
3.258155184252689
3.258155184252689
3.258155184252689
3.2517097734035247
3.258155184252689
3.258155184252689
3.258155184252689
3.2742687113756004
3.2517097734035247
3.2517097734035247
3.258155184252689
3.258155184252689
3.2517097734035247
3.258155184252689
3.258155184252689
3.258155184252689
3.258155184252689
3.258155184252689
3.258155184252689
3.258155184252689
3.2517097734035247
3.2517097734035247
3.2517097734035247
3.258155184252689
3.2517097734035247
3.258155184252689
3.2517097734035247
3.258155184252689
3.258155184252689
3.258155184252689
3.258155184252689
3.2517097734035247
3.2517097734035247
3.258155184252689
3.2517097734035247
3.258155184252689
3.258155184252689
3.258155184252689
3.258155184252689
3.258155184252689
3.258155184252689
