
 begin log for calibration v12021-03-31 18:00:16.302784
1.3889860379949646
1.9013962005035476
1.7789333943694208
2.5459372854200044
1.56623483634699
2.7489677271686883
2.5717189288166624
1.9465140764476996
2.226889448386358
1.6113527122911422
2.085090409704738
1.5952391851682308
1.8401647974364843
1.827273975738155
1.985186541542687
1.849832913710231
1.4276585030899518
0.9474753948271916
1.2181826504921034
1.3825406271457998
1.9432913710231172
2.2011078049897
3.0454566262302585
2.8553170061799036
2.6716227969787134
1.5050034332799267
2.114094758525978
1.8433875028610665
1.67902952620737
1.2697459372854198
1.4341039139391165
1.714479285877775
1.8337193865873196
1.9916319523918515
2.085090409704738
2.065754177157244
2.2301121538109405
2.339684138246738
2.259116502632181
2.317125200274662
2.5588281071183334
2.4557015335317005
2.4041382467383836
2.268784618905928
2.1624353398947123
2.8778759441519797
1.7080338750286106
1.3374227512016479
1.1440604257267109
1.1988464179446097
1.2987502861066604
1.1247241931792173
1.1537285420004577
1.1086106660563058
1.5372304875257494
1.5952391851682308
1.9529594872968643
2.143099107347219
2.391247425040055
2.4492561226825362
2.371911192492561
2.0238590066376747
1.8788372625314715
1.6274662394140536
2.304234378576333
2.484705882352941
2.4492561226825362
2.1624353398947123
1.7048111696040282
1.3051956969558252
1.1666193636987867
1.04415655756466
1.1472831311512932
2.3557976653696495
2.4492561226825362
2.0754222934309907
1.395431448844129
1.0054840924696726
1.098942549782559
1.1053879606317234
1.4212130922407873
2.1688807507438774
2.471815060654612
2.533046463721675
2.265561913481346
1.6371343556878002
1.3470908674753947
2.5201556420233464
3.087351796749828
3.20336919203479
3.20336919203479
0.16113527122911422
0.16113527122911422
0.16113527122911422
0.16435797665369647
3.20336919203479
3.20336919203479
3.200146486610208
2.8005310139620048
2.462146944380865
0.7444449530785077
0.20625314717326618
0.16435797665369647
0.16113527122911422
1.940068665598535
3.20336919203479
3.20336919203479
3.200146486610208
2.565273517967498
0.7283314259555962
0.16435797665369647
0.16113527122911422
0.16113527122911422
0.16113527122911422
1.598461890592813
3.206591897459373
3.20336919203479
3.200146486610208
0.7541130693522544
0.16435797665369647
0.4576241702906843
0.4640695811398489
0.16435797665369647
0.16113527122911422
3.206591897459373
3.200146486610208
3.200146486610208
3.17436484321355
3.20336919203479
2.790862897688258
0.16113527122911422
0.16435797665369647
0.16113527122911422
2.781194781414511
3.200146486610208
2.9487754634927903
3.20336919203479
3.20336919203479
3.0228976882581824
0.16113527122911422
0.16435797665369647
0.16435797665369647
1.9142870222018766
2.8456488899061565
3.20336919203479
2.7521904325932707
1.3116411078049897
0.39317006179903863
0.16113527122911422
0.16113527122911422
0.16435797665369647
1.4018768596932936
2.8843213550011444
3.1163561455710687
3.200146486610208
2.719963378347448
2.1592126344701303
0.7766720073243305
0.16113527122911422
0.16435797665369647
0.49307392996108945
0.3673884184023804
3.206591897459373
3.20336919203479
3.0680155642023346
3.20336919203479
2.668400091554131
0.3480521858548867
0.2900434882124056
0.16113527122911422
0.16435797665369647
1.2407415884641795
3.1904783703364616
3.200146486610208
2.9455527580682075
3.20336919203479
1.2085145342183565
0.16435797665369647
0.16113527122911422
0.2739299610894942
0.16113527122911422
3.1260242618448157
3.200146486610208
3.0454566262302585
3.20336919203479
2.2011078049897
1.3342000457770655
0.16113527122911422
0.16113527122911422
0.16435797665369647
1.8047150377660792
3.20336919203479
2.7135179674982832
3.20336919203479
0.1804715037766079
0.6413183794918745
0.16113527122911422
0.3835019455252918
0.16435797665369647
0.16435797665369647
3.20336919203479
3.20336919203479
3.20336919203479
3.0132295719844358
3.20336919203479
0.5800869764248112
0.5639734493018997
0.16113527122911422
0.39317006179903863
0.16435797665369647
1.053824673838407
3.200146486610208
3.20336919203479
3.200146486610208
2.9455527580682075
3.20336919203479
1.737038223849851
0.16113527122911422
0.16435797665369647
0.16113527122911422
0.16435797665369647
1.827273975738155
3.20336919203479
3.200146486610208
3.20336919203479
3.200146486610208
1.2020691233691918
0.16435797665369647
0.34160677500572206
1.9142870222018766
1.9078416113527121
1.4341039139391165
2.346129549095903
0.9958159761959258
2.346129549095903
1.0087067978942548
2.3493522545204852
1.1440604257267109
2.3944701304646374
1.4341039139391165
1.4373266193636987
1.4792217898832682
1.0699382009613183
1.8304966811627372
0.7766720073243305
2.0915358205539025
0.9345845731288625
2.5491599908445868
1.1537285420004577
2.417029068436713
1.3374227512016479
2.213998626688029
1.5952391851682308
1.6919203479056992
2.1882169832913707
1.3084184023804073
2.3557976653696495
1.179510185397116
2.439588006408789
1.1537285420004577
2.5588281071183334
1.102165255207141
2.439588006408789
1.8433875028610665
1.601684596017395
1.9658503089951933
1.2439642938887616
2.265561913481346
1.1279468986037995
2.6103913939116503
1.211737239642939
2.4685923552300295
1.2310734721904324
2.6522865644312197
1.237518883039597
1.6177981231403067
2.703849851224536
1.057047379262989
2.5169329365987636
2.2430029755092695
1.327754634927901
2.326793316548409
1.3309773403524832
2.439588006408789
1.247186999313344
2.632950331883726
1.169842069123369
2.603945983062485
1.395431448844129
1.9722957198443578
1.7789333943694208
1.8047150377660792
2.220444037537194
1.2246280613412681
2.4911512932021056
1.3342000457770655
2.5266010528725107
1.1537285420004577
2.439588006408789
1.5726802471961545
1.859501029983978
2.1495445181963837
1.1505058365758754
2.429919890135042
0.9635889219501029
2.378356603341726
1.1956237125200275
1.7177019913023575
2.0206363012130923
1.169842069123369
2.4428107118333715
1.2085145342183565
2.1914396887159535
1.6822522316319524
1.3116411078049897
2.197885099565118
1.1440604257267109
2.3751338979171432
1.2407415884641795
2.1398764019226366
1.9658503089951933
1.2633005264362553
2.4073609521629664
1.1376150148775461
2.371911192492561
2.220444037537194
1.940068665598535
1.4824444953078508
2.4073609521629664
1.1408377203021287
2.4428107118333715
1.9787411306935223
1.3922087434195467
2.452478828107118
1.076383611810483
1.6049073014419775
2.2816754406042574
1.3696498054474708
1.1182787823300526
2.5717189288166624
1.1086106660563058
1.930400549324788
2.107649347676814
1.2439642938887616
2.4879285877775232
1.0860517280842297
2.6136140993362322
1.3922087434195467
1.5468986037994965
2.3751338979171432
1.1505058365758754
1.4212130922407873
2.475037766079194
1.2407415884641795
2.3976928358892193
1.4921126115815975
1.56623483634699
2.378356603341726
1.2214053559166858
2.607168688487068
1.3857633325703822
2.178548867017624
2.0915358205539025
1.2600778210116732
2.391247425040055
1.4341039139391165
1.3664271000228883
2.436365300984207
1.1376150148775461
2.233334859235523
2.133430991073472
1.4631082627603569
2.033527122911421
2.184994277866789
1.1666193636987867
2.555605401693751
1.0699382009613183
1.8981734950789653
2.152767223620966
1.1537285420004577
2.6393957427328907
1.076383611810483
2.210775921263447
1.985186541542687
1.4566628519111924
2.4138063630121307
1.053824673838407
2.1044266422522315
2.2526710917830166
1.2278507667658503
2.423474479285878
1.4437720302128632
1.8981734950789653
2.2848981460288393
1.1601739528496224
2.507264820325017
1.643579766536965
1.485667200732433
2.439588006408789
1.1279468986037995
2.3976928358892193
2.0915358205539025
1.098942549782559
2.4492561226825362
1.2052918287937744
1.9465140764476996
2.3429068436713205
1.053824673838407
2.2752300297550923
1.7209246967269396
1.517894254978256
2.5588281071183334
1.0634927901121538
2.2011078049897
1.9755184252689402
1.2052918287937744
1.1859555962462804
2.2623392080567633
1.859501029983978
0.9893705653467612
2.5588281071183334
1.2697459372854198
2.0786449988555735
2.072199588006409
1.1247241931792173
2.4073609521629664
1.5468986037994965
1.4727763790341037
2.317125200274662
0.9055802243076219
1.6113527122911422
2.4782604715037766
1.1086106660563058
2.4460334172579534
2.0593087663080794
1.1182787823300526
2.5233783474479283
1.3793179217212175
1.327754634927901
2.6136140993362322
1.1633966582742046
2.030304417486839
2.2172213321126115
1.1762874799725338
2.1108720531013963
2.1237628747997253
1.1182787823300526
2.2720073243305103
1.7080338750286106
1.211737239642939
2.417029068436713
1.1408377203021287
1.2278507667658503
2.471815060654612
1.1472831311512932
1.9175097276264592
2.2623392080567633
1.1086106660563058
1.872391851682307
2.2816754406042574
1.1279468986037995
1.2697459372854198
2.0496406500343327
2.08831311512932
1.0924971389333944
2.462146944380865
1.3793179217212175
1.67902952620737
2.5588281071183334
1.0344884412909132
1.714479285877775
1.9722957198443578
1.0409338521400777
2.2430029755092695
2.423474479285878
1.134392309452964
2.5362691691462578
1.9239551384756237
1.6661387045090408
2.268784618905928
1.0957198443579768
2.5394918745708397
1.7982696269169145
1.4534401464866102
2.423474479285878
1.15695124742504
2.436365300984207
1.7338155184252688
1.2052918287937744
2.423474479285878
2.3654657816433966
1.0054840924696726
2.213998626688029
1.9722957198443578
1.3245319295033189
2.4138063630121307
1.0022613870450903
2.620059510185397
1.5501213092240786
1.5082261387045088
2.1914396887159535
1.1505058365758754
2.494373998626688
1.2246280613412681
1.7853788052185853
2.2816754406042574
1.0731609063859004
2.4653696498054476
1.359981689173724
1.440549324788281
2.417029068436713
1.1182787823300526
1.9078416113527121
2.326793316548409
0.8765758754863813
2.603945983062485
1.2568551155870908
1.746706340123598
2.255893797207599
1.0634927901121538
2.371911192492561
1.7499290455481802
1.2439642938887616
2.439588006408789
1.0796063172350652
1.9594048981460288
2.052863355458915
1.1666193636987867
2.378356603341726
1.4598855573357747
1.553344014648661
2.1721034561684593
1.0087067978942548
2.3944701304646374
1.6822522316319524
1.3213092240787365
2.5104875257495993
1.0796063172350652
1.7177019913023575
2.1495445181963837
1.292304875257496
2.458924238956283
0.9925932707713435
1.90461890592813
2.1366536964980547
1.0860517280842297
2.4782604715037766
1.6113527122911422
1.5082261387045088
2.255893797207599
1.0924971389333944
2.484705882352941
2.3557976653696495
1.089274433508812
2.339684138246738
1.9594048981460288
1.3986541542687112
2.5362691691462578
1.1215014877546348
2.204330510414282
2.0915358205539025
1.4115449759670404
2.4879285877775232
1.7273701075761043
2.7618585488670173
1.849832913710231
1.4115449759670404
2.4879285877775232
1.15695124742504
1.9239551384756237
2.265561913481346
1.0506019684138246
2.4879285877775232
1.3696498054474708
1.8949507896543831
2.197885099565118
1.0151522087434195
2.484705882352941
1.1730647745479514
1.6725841153582053
2.143099107347219
1.031265735866331
2.381579308766308
1.5468986037994965
2.1044266422522315
3.20336919203479
1.1279468986037995
1.8788372625314715
1.9529594872968643
0.8797985809109636
2.3074570840009154
1.7660425726710915
1.0409338521400777
2.368688487067979
1.6403570611123826
0.9023575188830396
2.3429068436713205
1.04415655756466
1.6371343556878002
2.2848981460288393
1.053824673838407
2.2365575646601052
1.7305928130006865
1.1924010070954452
2.452478828107118
1.089274433508812
2.146321812771801
1.9722957198443578
1.2794140535591667
2.452478828107118
1.0957198443579768
1.211737239642939
2.4202517738612954
1.553344014648661
1.633911650263218
2.0270817120622566
1.408322270542458
2.3751338979171432
1.0699382009613183
2.529823758297093
1.1118333714808881
2.5040421149004346
1.5791256580453192
1.6049073014419775
2.2011078049897
1.1859555962462804
2.4879285877775232
1.0634927901121538
2.4460334172579534
1.1859555962462804
2.210775921263447
2.1108720531013963
1.1408377203021287
2.4460334172579534
1.0409338521400777
2.4653696498054476
1.0473792629892424
2.2816754406042574
1.5050034332799267
1.7080338750286106
2.001300068665598
1.2214053559166858
2.2011078049897
1.2214053559166858
2.4073609521629664
1.057047379262989
2.368688487067979
1.292304875257496
2.391247425040055
1.3116411078049897
2.4138063630121307
1.3180865186541542
2.0689768825818264
2.0141908903639276
2.7360769054703593
1.1859555962462804
2.542714579995422
1.053824673838407
2.597500572213321
1.292304875257496
2.529823758297093
1.4985580224307622
2.043195239185168
1.8981734950789653
1.5017807278553443
2.4557015335317005
1.1182787823300526
2.5266010528725107
1.1601739528496224
2.1044266422522315
1.4212130922407873
1.7853788052185853
2.3010116731517507
0.9216937514305332
2.4911512932021056
1.3116411078049897
1.8627237354085602
2.291343556878004
1.134392309452964
2.4492561226825362
2.1753261615930417
2.816644541084916
2.097981231403067
0.9539208056763561
2.2397802700846876
1.0248203250171664
1.408322270542458
2.1946623941405354
0.8379034103913939
2.346129549095903
1.2020691233691918
1.4953353170061798
2.3751338979171432
1.021597619592584
1.6693614099336231
2.2526710917830166
0.9088029297322041
2.1495445181963837
1.8627237354085602
1.1505058365758754
2.507264820325017
1.6113527122911422
1.1633966582742046
2.458924238956283
1.5017807278553443
0.9700343327992675
2.4492561226825362
1.6854749370565345
2.072199588006409
3.20336919203479
3.119578850995651
2.3525749599450676
1.3213092240787365
0.16113527122911422
0.16113527122911422
2.255893797207599
3.196923781185626
2.481483176928359
3.20336919203479
2.8327580682078275
0.16113527122911422
0.16113527122911422
0.16113527122911422
0.16113527122911422
0.4318425268940261
1.553344014648661
2.4685923552300295
3.20336919203479
3.196923781185626
1.2536324101625085
0.8411261158159762
0.16435797665369647
0.16113527122911422
0.5800869764248112
2.9487754634927903
3.167919432364385
3.20336919203479
3.200146486610208
2.5491599908445868
1.5340077821011673
0.16113527122911422
0.16435797665369647
3.20336919203479
2.816644541084916
3.20336919203479
3.196923781185626
2.6522865644312197
2.810199130235752
0.5317463950560769
1.3535362783245595
1.6629159990844586
0.3641657129777981
1.5694575417715724
1.5920164797436482
1.0634927901121538
2.3429068436713205
1.0634927901121538
2.0045227740901805
1.9787411306935223
0.8088990615701533
2.3654657816433966
1.2890821698329138
1.3535362783245595
2.494373998626688
1.0183749141680019
1.994854657816434
1.9142870222018766
0.9668116273746853
2.3300160219729915
1.4824444953078508
1.2278507667658503
2.494373998626688
1.395431448844129
1.5694575417715724
1.1666193636987867
2.3493522545204852
0.9668116273746853
2.2881208514534217
1.6532478828107118
1.3019729915312426
2.471815060654612
0.8411261158159762
2.1269855802243076
2.0786449988555735
1.1182787823300526
2.410583657587549
1.098942549782559
2.5233783474479283
1.3213092240787365
2.143099107347219
1.940068665598535
0.9700343327992675
2.481483176928359
1.1601739528496224
2.226889448386358
1.5823483634699016
1.553344014648661
2.475037766079194
1.0860517280842297
2.210775921263447
1.9787411306935223
1.3245319295033189
2.555605401693751
1.057047379262989
2.391247425040055
1.5146715495536736
1.3084184023804073
2.5813870450904095
1.0377111467154954
2.197885099565118
1.7789333943694208
1.2697459372854198
2.5008194094758522
0.8669077592126344
2.452478828107118
1.6983657587548637
1.134392309452964
2.542714579995422
1.6306889448386357
2.3622430762188142
1.0796063172350652
2.4653696498054476
1.5340077821011673
1.4147676813916226
2.4202517738612954
0.9313618677042801
2.391247425040055
1.5694575417715724
1.530785076676585
2.320347905699245
2.4879285877775232
1.5823483634699016
2.304234378576333
1.6049073014419775
1.327754634927901
2.42669718471046
1.098942549782559
1.962627603570611
0.9925932707713435
2.2430029755092695
1.985186541542687
1.0151522087434195
2.255893797207599
1.2504097047379261
1.4824444953078508
2.4911512932021056
0.9152483405813686
2.1398764019226366
2.033527122911421
0.9378072785534447
2.2881208514534217
1.6629159990844586
1.5146715495536736
2.4041382467383836
1.1537285420004577
1.5726802471961545
2.1946623941405354
1.1150560769054703
2.0174135957885095
2.2526710917830166
1.031265735866331
2.3654657816433966
1.5275623712520026
0.9990386816205081
2.6232822156099793
1.3374227512016479
1.9336232547493706
2.4428107118333715
1.0409338521400777
2.2881208514534217
2.0786449988555735
1.0699382009613183
2.278452735179675
1.872391851682307
1.1279468986037995
2.494373998626688
1.4179903868162052
1.8079377431906614
2.484705882352941
0.8830212863355458
2.2623392080567633
2.246225680933852
1.1150560769054703
1.9561821927214464
2.1946623941405354
1.089274433508812
2.1366536964980547
1.7757106889448386
1.0344884412909132
2.4911512932021056
1.5759029526207369
1.1601739528496224
2.4879285877775232
2.7392996108949417
3.093797207598993
1.79182421606775
0.6187594415197984
2.4653696498054476
1.430881208514534
1.3116411078049897
2.481483176928359
1.8981734950789653
2.0206363012130923
1.2504097047379261
2.6748455024032958
1.0377111467154954
2.31390249485008
1.521116960402838
1.9175097276264592
1.9142870222018766
1.0602700846875717
2.4557015335317005
0.9990386816205081
2.1946623941405354
1.6210208285648888
1.0634927901121538
2.1688807507438774
1.031265735866331
2.1269855802243076
0.9474753948271916
1.9916319523918515
1.8337193865873196
1.1053879606317234
2.323570611123827
1.1376150148775461
2.3074570840009154
0.783117418173495
2.323570611123827
0.9281391622796978
1.9980773632410163
1.0119295033188374
2.143099107347219
1.7434836346990157
1.1956237125200275
2.346129549095903
0.7186633096818493
2.001300068665598
1.3309773403524832
2.0270817120622566
1.5694575417715724
1.4276585030899518
2.4492561226825362
1.0022613870450903
2.4879285877775232
1.0506019684138246
1.8143831540398259
0.9861478599221789
1.7950469214923324
2.2172213321126115
0.9088029297322041
2.4138063630121307
1.1053879606317234
2.0238590066376747
1.9529594872968643
1.6081300068665596
2.6587319752803844
1.2246280613412681
2.7006271457999538
1.6049073014419775
2.320347905699245
2.133430991073472
1.6145754177157243
2.594277866788739
1.3084184023804073
2.5362691691462578
1.211737239642939
1.981963836118105
2.291343556878004
1.0634927901121538
2.265561913481346
0.9732570382238498
2.0754222934309907
1.4598855573357747
1.4792217898832682
2.3622430762188142
0.9055802243076219
2.4879285877775232
0.9055802243076219
2.297788967727169
1.076383611810483
1.882059967956054
1.8659464408331423
1.1215014877546348
2.4975967040512703
1.1827328908216983
2.0109681849393453
2.107649347676814
0.9990386816205081
2.3429068436713205
1.2214053559166858
1.6822522316319524
2.1366536964980547
0.9925932707713435
2.429919890135042
1.1633966582742046
1.6758068207827879
2.08831311512932
0.9152483405813686
2.3944701304646374
1.643579766536965
1.053824673838407
2.484705882352941
1.1827328908216983
2.062531471732662
1.0377111467154954
2.4009155413138017
1.098942549782559
2.529823758297093
1.769265278095674
1.0506019684138246
2.5394918745708397
1.2504097047379261
1.7789333943694208
2.458924238956283
1.1762874799725338
2.4041382467383836
1.56623483634699
1.440549324788281
2.2720073243305103
1.7241474021515222
2.094758525978485
1.8949507896543831
2.4557015335317005
1.2407415884641795
2.439588006408789
1.8047150377660792
1.408322270542458
1.372872510872053
2.213998626688029
2.133430991073472
1.2181826504921034
2.5781643396658276
1.6886976424811169
2.255893797207599
2.6393957427328907
1.2504097047379261
2.42669718471046
2.291343556878004
2.452478828107118
1.076383611810483
1.7789333943694208
2.4685923552300295
2.481483176928359
2.574941634241245
1.4566628519111924
0.9700343327992675
2.632950331883726
2.4202517738612954
1.4888899061570153
2.6136140993362322
1.0087067978942548
2.1914396887159535
1.8111604486152437
1.0860517280842297
2.574941634241245
1.1311696040283816
1.3760952162966353
2.5040421149004346
1.3406454566262302
2.0786449988555735
2.368688487067979
1.1633966582742046
3.20336919203479
1.5759029526207369
0.9152483405813686
2.0045227740901805
0.9313618677042801
1.6081300068665596
1.8433875028610665
0.8379034103913939
2.3300160219729915
0.8056763561455711
2.152767223620966
1.1311696040283816
1.6983657587548637
2.2365575646601052
0.8830212863355458
2.197885099565118
1.3503135728999769
1.2729686427100022
2.0464179446097504
1.021597619592584
2.359020370794232
1.1988464179446097
1.714479285877775
1.102165255207141
2.3944701304646374
1.3051956969558252
1.7724879835202563
2.4041382467383836
1.15695124742504
2.5266010528725107
1.1279468986037995
1.8530556191348135
2.2881208514534217
1.0634927901121538
2.371911192492561
1.1666193636987867
1.6242435339894712
2.42669718471046
0.8894666971847104
2.3525749599450676
1.2439642938887616
2.3976928358892193
3.20336919203479
1.6725841153582053
1.9465140764476996
0.737999542229343
1.5759029526207369
2.178548867017624
0.27715266651407644
1.737038223849851
0.6058686198214694
1.9142870222018766
0.8507942320897229
1.4631082627603569
1.769265278095674
0.7895628290226596
2.220444037537194
0.9152483405813686
1.9884092469672694
1.6693614099336231
1.1279468986037995
2.5104875257495993
1.0796063172350652
2.107649347676814
2.0786449988555735
1.1408377203021287
2.584609750514992
1.2729686427100022
2.2172213321126115
1.7628198672465094
0.9152483405813686
2.2236667429617762
1.214959945067521
1.475999084458686
2.452478828107118
1.0087067978942548
2.3976928358892193
1.2794140535591667
1.859501029983978
2.297788967727169
1.179510185397116
2.4009155413138017
1.517894254978256
1.4824444953078508
2.5233783474479283
0.4672922865644312
1.6210208285648888
0.8669077592126344
0.6123140306706341
1.6758068207827879
0.5156328679331655
1.633911650263218
1.5404531929503318
0.6703227283131151
1.8627237354085602
0.5059647516594187
3.0261203936827648
3.200146486610208
3.20336919203479
3.196923781185626
2.5201556420233464
3.1711421377889675
1.3825406271457998
2.7425223163195236
1.2890821698329138
2.5266010528725107
0.9764797436484322
2.1721034561684593
1.1150560769054703
1.0377111467154954
2.0141908903639276
1.8401647974364843
2.0818677042801554
3.20336919203479
2.184994277866789
2.5394918745708397
2.529823758297093
1.2794140535591667
1.4502174410620279
2.5137102311741817
1.9432913710231172
2.0786449988555735
1.053824673838407
0.34160677500572206
0.7412222476539254
1.6854749370565345
0.7798947127489128
1.057047379262989
2.5266010528725107
2.6393957427328907
1.5146715495536736
2.858539711604486
1.3470908674753947
1.408322270542458
1.2665232318608375
2.5588281071183334
1.4727763790341037
2.6007232776379032
1.746706340123598
1.8304966811627372
2.42669718471046
1.3825406271457998
2.529823758297093
