
 begin log for calibration v1FourierVis_2021-03-28_15:53:40.8398600.48340581368734264
0.48340581368734264
1.8433875028610665
0.4898512245365072
0.5285236896314945
0.8185671778439001
0.40283817807278555
0.4060608834973678
0.9990386816205081
0.40928358892195005
0.40928358892195005
0.39961547264820324
0.4060608834973678
0.40283817807278555
0.41572899977111466
3.1711421377889675
0.40283817807278555
0.41250629434653235
0.4060608834973678
0.40283817807278555
0.40283817807278555
0.4060608834973678
0.4060608834973678
0.40283817807278555
0.40283817807278555
0.40283817807278555
0.4060608834973678
0.4060608834973678
0.4060608834973678
0.40283817807278555
0.40283817807278555
0.4286198214694438
1.6468024719615473
0.41250629434653235
2.935884641794461
0.4060608834973678
0.40283817807278555
0.41250629434653235
0.40928358892195005
0.41250629434653235
0.40928358892195005
0.4060608834973678
3.145360494392309
0.4286198214694438
0.42539711604486147
0.40928358892195005
1.6951430533302816
0.41250629434653235
0.40283817807278555
0.5027420462348363
0.4060608834973678
0.41250629434653235
0.4060608834973678
0.40928358892195005
0.40928358892195005
0.40928358892195005
0.40928358892195005
0.40928358892195005
0.41250629434653235
0.4350652323186084
0.41250629434653235
3.1711421377889675
2.1237628747997253
0.41572899977111466
0.4060608834973678
0.4060608834973678
3.155028610666056
1.6596932936598765
2.8327580682078275
0.41572899977111466
0.40283817807278555
0.41250629434653235
3.1711421377889675
0.41572899977111466
0.40283817807278555
0.4060608834973678
0.40928358892195005
0.41895170519569697
0.4060608834973678
0.40928358892195005
0.4060608834973678
0.41895170519569697
1.2600778210116732
0.40928358892195005
2.204330510414282
0.40928358892195005
0.4060608834973678
0.41572899977111466
0.7960082398718241
2.9101029983978024
3.1711421377889675
3.155028610666056
0.40928358892195005
0.4060608834973678
0.41572899977111466
0.4415106431677729
0.41572899977111466
0.41250629434653235
0.4060608834973678
0.41572899977111466
0.41572899977111466
0.4318425268940261
0.40283817807278555
3.1711421377889675
0.40928358892195005
0.41250629434653235
0.4060608834973678
0.41250629434653235
1.3438681620508124
3.142137788967727
0.4060608834973678
3.155028610666056
0.4060608834973678
3.1711421377889675
0.41895170519569697
3.042233920805676
0.41250629434653235
0.43828793774319064
0.4286198214694438
0.41572899977111466
0.4060608834973678
0.41572899977111466
0.4350652323186084
0.4060608834973678
0.41572899977111466
0.4060608834973678
0.41250629434653235
1.5050034332799267
0.41250629434653235
0.41572899977111466
2.8327580682078275
3.142137788967727
0.4060608834973678
2.8875440604257263
0.41572899977111466
3.142137788967727
0.4060608834973678
3.142137788967727
3.1711421377889675
0.40283817807278555
0.41895170519569697
2.226889448386358
2.552382696269169
0.40928358892195005
0.43828793774319064
3.1711421377889675
0.41895170519569697
3.1711421377889675
3.093797207598993
0.42539711604486147
3.1711421377889675
3.145360494392309
3.148583199816892
0.40928358892195005
1.0796063172350652
3.142137788967727
1.79182421606775
0.41250629434653235
0.41895170519569697
3.148583199816892
3.145360494392309
0.4060608834973678
0.41572899977111466
0.4060608834973678
2.7296314946211946
0.7573357747768368
0.41572899977111466
0.41250629434653235
1.0924971389333944
0.43828793774319064
0.41895170519569697
3.148583199816892
1.8433875028610665
3.142137788967727
0.4318425268940261
2.9101029983978024
0.3835019455252918
0.3673884184023804
0.33516136415655756
0.33516136415655756
0.3544975967040513
3.196923781185626
3.196923781185626
1.7273701075761043
0.4415106431677729
1.1956237125200275
3.1904783703364616
0.40283817807278555
0.41895170519569697
1.4018768596932936
0.4705149919890135
0.351274891279469
0.2997116044861524
0.30615701533531703
0.2803753719386587
0.7798947127489128
0.32549324788281064
3.200146486610208
3.145360494392309
3.1711421377889675
3.1840329594872965
3.1711421377889675
0.41895170519569697
2.823089951934081
0.7798947127489128
0.39961547264820324
2.359020370794232
3.0905745021744107
0.3641657129777981
3.0776836804760817
2.8488715953307393
2.062531471732662
3.0680155642023346
0.3770565346761272
2.9971160448615244
0.3706111238269627
3.142137788967727
0.37383382925154496
0.31904783703364614
3.1711421377889675
1.4534401464866102
0.32549324788281064
0.33516136415655756
0.3641657129777981
0.31904783703364614
0.34160677500572206
0.34482948043030437
0.32227054245822845
0.3544975967040513
0.32871595330739295
0.32871595330739295
0.34482948043030437
0.3867246509498741
0.3899473563744564
0.351274891279469
0.3577203021286335
0.3577203021286335
0.32871595330739295
0.40928358892195005
0.4576241702906843
0.52207827878233
0.6123140306706341
0.5929777981231402
0.7476676585030899
0.6896589608606087
0.7057724879835202
0.6316502632181277
0.4576241702906843
0.4705149919890135
0.47696040283817803
0.43828793774319064
0.4415106431677729
0.43828793774319064
0.9958159761959258
0.4350652323186084
0.4511787594415198
0.4318425268940261
0.49307392996108945
0.3577203021286335
0.42539711604486147
0.3609430075532158
0.3577203021286335
0.3770565346761272
0.3673884184023804
0.4060608834973678
0.41572899977111466
0.4060608834973678
0.40283817807278555
0.40283817807278555
0.39961547264820324
0.40928358892195005
0.4318425268940261
0.4898512245365072
3.2968276493476765
0.9216937514305332
0.19980773632410162
0.25781643396658277
0.5994232089723048
0.5639734493018997
0.3835019455252918
3.258155184252689
0.6380956740672923
0.3673884184023804
0.351274891279469
0.8314579995422293
0.4221744106202792
0.41250629434653235
0.4221744106202792
0.41572899977111466
0.41572899977111466
0.41572899977111466
0.41572899977111466
0.41572899977111466
0.41250629434653235
0.4060608834973678
0.5768642710002289
0.544637216754406
0.1546898603799496
0.13857633325703822
0.2223666742961776
3.2420416571297777
0.1224628061341268
0.11924010070954451
0.16113527122911422
0.11601739528496223
2.5201556420233464
0.24814831769283588
0.2739299610894942
0.2739299610894942
0.2674845502403296
0.2739299610894942
0.2739299610894942
0.3029343099107347
0.34482948043030437
0.3835019455252918
0.4221744106202792
0.45440146486610206
0.4705149919890135
0.5285236896314945
0.5543053330281529
0.5833096818493934
0.6123140306706341
0.6445410849164569
0.6638773174639505
0.6928816662851911
0.7218860151064316
0.7508903639276722
0.7702265964751659
0.7960082398718241
0.8185671778439001
0.8443488212405584
0.873353170061799
0.8669077592126344
0.8926894026092926
3.258155184252689
0.8540169375143053
0.8830212863355458
0.8669077592126344
0.8991348134584572
0.9249164568551155
0.9506981002517738
0.9732570382238498
3.258155184252689
0.9732570382238498
0.9023575188830396
0.9378072785534447
0.9668116273746853
0.9893705653467612
0.9506981002517738
0.9797024490730144
1.0054840924696726
0.8862439917601281
0.9216937514305332
0.9474753948271916
0.9797024490730144
1.0054840924696726
1.031265735866331
1.053824673838407
1.0731609063859004
3.258155184252689
0.7573357747768368
0.7960082398718241
0.8314579995422293
0.8604623483634698
0.8797985809109636
0.9055802243076219
0.941029983978027
0.9797024490730144
0.9990386816205081
1.0183749141680019
1.2310734721904324
0.7089951934081026
0.7444449530785077
0.7798947127489128
0.8153444724193178
0.8475715266651408
0.8475715266651408
0.8797985809109636
0.9088029297322041
0.9442526894026093
3.258155184252689
0.7089951934081026
0.7476676585030899
0.7798947127489128
2.777972075989929
0.5639734493018997
1.4663309681849392
0.6155367360952162
3.258155184252689
0.589755092698558
0.6284275577935454
0.8379034103913939
0.6896589608606087
0.7089951934081026
0.7444449530785077
0.715440604257267
0.7508903639276722
0.7670038910505836
0.7992309452964065
0.828235294117647
0.8636850537880522
0.8926894026092926
0.9249164568551155
0.9506981002517738
0.9764797436484322
1.0054840924696726
1.0280430304417487
2.085090409704738
1.0796063172350652
1.102165255207141
1.1215014877546348
1.1440604257267109
1.169842069123369
1.1956237125200275
1.211737239642939
1.2407415884641795
1.2633005264362553
1.2858594644083312
1.2987502861066604
1.3245319295033189
1.3503135728999769
1.3664271000228883
0.679990844586862
0.7089951934081026
0.6896589608606087
0.6671000228885328
0.7057724879835202
0.7412222476539254
0.7798947127489128
0.8088990615701533
0.6961043717097734
0.7315541313801784
0.7670038910505836
3.258155184252689
3.258155184252689
0.27715266651407644
3.258155184252689
0.27715266651407644
0.2803753719386587
0.27715266651407644
3.258155184252689
3.258155184252689
1.3438681620508124
1.4921126115815975
0.2803753719386587
0.8572396429388875
3.258155184252689
1.1182787823300526
2.8875440604257263
0.2900434882124056
0.27715266651407644
0.27715266651407644
0.27715266651407644
0.27715266651407644
0.27715266651407644
0.27715266651407644
0.2803753719386587
0.2803753719386587
0.2739299610894942
0.2803753719386587
3.2742687113756004
3.119578850995651
0.26426184481574727
0.3641657129777981
0.32227054245822845
0.2739299610894942
0.2900434882124056
1.9271778439002059
0.3029343099107347
0.3480521858548867
0.4350652323186084
0.49629663538567176
0.5349691004806592
0.5704188601510644
2.574941634241245
0.52207827878233
3.258155184252689
2.0818677042801554
2.2720073243305103
0.2997116044861524
3.2742687113756004
3.2517097734035247
3.2517097734035247
0.2803753719386587
0.27715266651407644
0.2803753719386587
0.27715266651407644
0.2803753719386587
0.27715266651407644
0.2803753719386587
0.2803753719386587
0.2803753719386587
0.2803753719386587
0.2803753719386587
0.2803753719386587
0.2803753719386587
0.30615701533531703
0.3577203021286335
3.258155184252689
3.1163561455710687
0.2868207827878233
0.27715266651407644
0.9861478599221789
0.2803753719386587
1.4792217898832682
0.3544975967040513
0.8056763561455711
0.2868207827878233
0.2900434882124056
0.32549324788281064
2.2430029755092695
0.41572899977111466
1.5340077821011673
0.27715266651407644
0.27715266651407644
0.2803753719386587
0.27715266651407644
0.2997116044861524
0.34160677500572206
0.40283817807278555
0.41895170519569697
3.2742687113756004
0.3673884184023804
0.4060608834973678
0.47696040283817803
0.4672922865644312
3.2742687113756004
0.3899473563744564
0.3673884184023804
0.4221744106202792
0.4318425268940261
0.3835019455252918
3.2742687113756004
0.27715266651407644
3.2742687113756004
1.711256580453193
0.27715266651407644
0.2803753719386587
0.27715266651407644
0.27715266651407644
0.27715266651407644
0.27715266651407644
0.27715266651407644
0.2739299610894942
0.2739299610894942
0.2739299610894942
0.27715266651407644
0.27715266651407644
0.27715266651407644
0.2739299610894942
0.2803753719386587
0.31904783703364614
0.3641657129777981
0.27715266651407644
0.2739299610894942
0.2739299610894942
0.27715266651407644
0.27715266651407644
0.27715266651407644
0.4705149919890135
1.327754634927901
2.890766765850309
0.2803753719386587
0.27715266651407644
0.895912108033875
0.27715266651407644
0.2739299610894942
0.27715266651407644
0.2803753719386587
0.27715266651407644
0.31582513160906384
0.2739299610894942
0.2739299610894942
0.27715266651407644
0.29326619363698786
0.27715266651407644
0.27715266651407644
0.27715266651407644
0.27715266651407644
0.27715266651407644
0.27715266651407644
0.27715266651407644
3.2742687113756004
0.27715266651407644
0.27715266651407644
0.27715266651407644
0.2739299610894942
0.27715266651407644
0.6638773174639505
0.27715266651407644
2.823089951934081
0.27715266651407644
0.283598077363241
0.31582513160906384
0.27715266651407644
0.2739299610894942
0.27715266651407644
0.27715266651407644
0.27715266651407644
0.27715266651407644
0.27715266651407644
0.27715266651407644
0.2739299610894942
0.27715266651407644
0.27715266651407644
0.27715266651407644
0.27715266651407644
3.2742687113756004
0.2739299610894942
0.2739299610894942
3.2742687113756004
3.2742687113756004
0.27715266651407644
0.27715266651407644
0.27715266651407644
0.2803753719386587
0.27715266651407644
0.2739299610894942
0.2868207827878233
2.587832455939574
0.27715266651407644
3.258155184252689
0.2739299610894942
0.27715266651407644
3.2742687113756004
0.27715266651407644
0.27715266651407644
3.258155184252689
0.27715266651407644
0.2739299610894942
0.27715266651407644
2.6297276264591436
0.27715266651407644
0.27715266651407644
3.2742687113756004
0.2803753719386587
0.2739299610894942
0.27715266651407644
2.935884641794461
2.9648889906157017
3.2742687113756004
0.27715266651407644
0.27715266651407644
0.27715266651407644
3.2742687113756004
0.27715266651407644
0.2803753719386587
3.2742687113756004
0.9152483405813686
0.2803753719386587
0.27715266651407644
0.27715266651407644
0.4608468757152666
3.2742687113756004
0.27715266651407644
0.27715266651407644
0.283598077363241
0.27715266651407644
0.27715266651407644
0.2739299610894942
0.31582513160906384
3.2742687113756004
0.27715266651407644
0.2803753719386587
2.781194781414511
0.27715266651407644
0.27715266651407644
0.27715266651407644
0.27715266651407644
3.258155184252689
0.5156328679331655
0.27715266651407644
0.27715266651407644
0.27715266651407644
0.2900434882124056
2.1753261615930417
0.2803753719386587
0.27715266651407644
0.27715266651407644
0.2803753719386587
0.27715266651407644
0.2803753719386587
0.2803753719386587
1.4663309681849392
0.6606546120393683
0.27715266651407644
0.27715266651407644
3.258155184252689
0.2803753719386587
0.283598077363241
2.861762417029068
0.7476676585030899
0.2803753719386587
0.27715266651407644
0.27715266651407644
0.27715266651407644
3.2742687113756004
0.2803753719386587
0.27715266651407644
0.2739299610894942
0.4479560540169375
3.2742687113756004
0.27715266651407644
0.2739299610894942
0.27715266651407644
0.27715266651407644
0.27715266651407644
0.27715266651407644
0.27715266651407644
3.2742687113756004
0.27715266651407644
2.703849851224536
0.27715266651407644
2.668400091554131
0.27715266651407644
0.43828793774319064
0.27715266651407644
0.27715266651407644
0.2739299610894942
0.32871595330739295
0.27715266651407644
0.27715266651407644
0.2997116044861524
0.351274891279469
0.39317006179903863
0.5639734493018997
0.4415106431677729
0.4866285191119249
0.5253009842069123
0.5575280384527351
0.5962005035477226
0.6348729686427099
0.6348729686427099
0.6767681391622797
0.27715266651407644
0.27715266651407644
0.2739299610894942
0.2803753719386587
0.27715266651407644
0.6671000228885328
0.2803753719386587
0.2803753719386587
0.2739299610894942
0.2739299610894942
0.2803753719386587
0.2803753719386587
0.2803753719386587
1.4663309681849392
1.2214053559166858
0.27715266651407644
0.27715266651407644
0.2803753719386587
0.47696040283817803
0.2739299610894942
0.2803753719386587
0.2739299610894942
0.2803753719386587
2.1882169832913707
0.2803753719386587
0.2803753719386587
0.2803753719386587
0.2868207827878233
0.2803753719386587
2.0109681849393453
3.097019913023575
0.2803753719386587
0.27715266651407644
0.2803753719386587
0.283598077363241
0.2803753719386587
1.1472831311512932
0.27715266651407644
2.9101029983978024
0.2803753719386587
3.258155184252689
0.27715266651407644
0.2803753719386587
0.2739299610894942
1.1053879606317234
0.27715266651407644
0.2900434882124056
0.8604623483634698
0.27715266651407644
0.2803753719386587
0.2868207827878233
3.2742687113756004
0.283598077363241
0.27715266651407644
1.031265735866331
2.107649347676814
0.27715266651407644
0.2868207827878233
0.2803753719386587
0.2803753719386587
0.27715266651407644
0.2803753719386587
0.283598077363241
0.2803753719386587
0.2803753719386587
0.2803753719386587
0.2900434882124056
0.32227054245822845
0.3673884184023804
0.41572899977111466
0.45440146486610206
0.4866285191119249
0.5285236896314945
0.567196154726482
0.5962005035477226
0.6316502632181277
0.6703227283131151
0.6993270771343556
0.7283314259555962
0.7670038910505836
0.7992309452964065
0.8185671778439001
0.8411261158159762
0.8797985809109636
0.9023575188830396
2.829535362783245
1.6983657587548637
0.8572396429388875
0.8507942320897229
0.9023575188830396
1.6371343556878002
1.076383611810483
0.9571435111009383
2.1108720531013963
1.1859555962462804
1.5050034332799267
1.8852826733806363
1.7499290455481802
0.9249164568551155
2.152767223620966
2.2430029755092695
1.5050034332799267
1.714479285877775
3.1711421377889675
1.7821560997940031
0.9958159761959258
0.7863401235980773
3.258155184252689
1.633911650263218
1.3116411078049897
3.2742687113756004
1.5759029526207369
1.6371343556878002
3.2742687113756004
1.981963836118105
1.6371343556878002
3.2742687113756004
2.1173174639505605
0.27715266651407644
3.2742687113756004
0.7347768368047608
1.3438681620508124
3.2710460059510185
0.5059647516594187
0.6380956740672923
3.2742687113756004
0.544637216754406
2.6168368047608146
3.2742687113756004
0.5027420462348363
3.2742687113756004
0.6767681391622797
2.0045227740901805
1.79182421606775
1.0924971389333944
3.2742687113756004
0.9764797436484322
3.2742687113756004
2.1624353398947123
0.8991348134584572
3.2742687113756004
0.2803753719386587
3.2742687113756004
0.2803753719386587
3.2742687113756004
0.27715266651407644
3.2742687113756004
0.9893705653467612
3.2517097734035247
1.6210208285648888
3.2742687113756004
0.2868207827878233
3.2742687113756004
0.2900434882124056
3.2742687113756004
2.1753261615930417
3.2484870679789424
2.152767223620966
1.711256580453193
2.7715266651407644
0.6445410849164569
3.142137788967727
0.2868207827878233
3.2742687113756004
0.27715266651407644
2.861762417029068
0.2803753719386587
0.283598077363241
0.351274891279469
0.27715266651407644
0.2739299610894942
0.6864362554360265
0.5510826276035705
1.3438681620508124
0.6155367360952162
0.6671000228885328
1.1666193636987867
0.2739299610894942
1.3342000457770655
0.7670038910505836
0.7702265964751659
0.49629663538567176
0.8217898832684825
0.41250629434653235
0.6477637903410391
1.4631082627603569
0.27715266651407644
3.2742687113756004
1.0280430304417487
1.8143831540398259
2.0206363012130923
0.4705149919890135
2.8069764248111695
0.6703227283131151
0.544637216754406
2.6845136186770424
0.2868207827878233
1.9368459601739527
0.27715266651407644
0.6767681391622797
0.5317463950560769
0.6961043717097734
3.2742687113756004
0.32549324788281064
3.2742687113756004
0.2997116044861524
1.4663309681849392
1.2085145342183565
0.6606546120393683
0.7089951934081026
0.27715266651407644
3.2742687113756004
1.2761913481345846
1.6081300068665596
1.6242435339894712
3.258155184252689
0.3770565346761272
0.4286198214694438
3.2742687113756004
2.085090409704738
1.0054840924696726
3.2742687113756004
0.48340581368734264
1.7015884641794459
3.2742687113756004
1.9175097276264592
1.8659464408331423
3.2742687113756004
0.5994232089723048
3.258155184252689
2.475037766079194
0.760558480201419
3.2742687113756004
1.711256580453193
0.27715266651407644
3.2742687113756004
0.2803753719386587
1.4824444953078508
3.0454566262302585
0.6090913252460517
1.6242435339894712
1.6371343556878002
0.3480521858548867
3.258155184252689
0.7798947127489128
0.7122178988326848
2.4202517738612954
0.2803753719386587
3.2742687113756004
0.2868207827878233
0.9088029297322041
3.2742687113756004
1.3857633325703822
2.719963378347448
1.1118333714808881
0.2868207827878233
3.258155184252689
1.1279468986037995
0.2803753719386587
1.1601739528496224
2.703849851224536
1.1440604257267109
1.6725841153582053
2.291343556878004
0.27715266651407644
1.1537285420004577
3.2742687113756004
1.4727763790341037
0.34160677500572206
3.258155184252689
1.8562783245593957
1.3857633325703822
1.4018768596932936
3.2742687113756004
1.189178301670863
0.29326619363698786
1.3696498054474708
3.2742687113756004
2.423474479285878
0.828235294117647
3.258155184252689
0.702549782558938
1.7402609292744335
0.32549324788281064
1.4147676813916226
3.2742687113756004
2.2881208514534217
0.283598077363241
1.5243396658274204
3.1840329594872965
2.4492561226825362
0.9023575188830396
2.1753261615930417
1.6951430533302816
0.2803753719386587
3.258155184252689
3.0680155642023346
0.7347768368047608
0.3802792401007095
3.2742687113756004
3.042233920805676
1.0377111467154954
1.543675898374914
3.2742687113756004
1.1440604257267109
0.283598077363241
1.9175097276264592
3.2710460059510185
0.6477637903410391
1.2987502861066604
2.410583657587549
3.2742687113756004
0.9861478599221789
0.2900434882124056
1.6532478828107118
3.2742687113756004
2.829535362783245
0.2868207827878233
0.2900434882124056
0.8314579995422293
2.5137102311741817
3.2742687113756004
2.371911192492561
2.291343556878004
0.2803753719386587
1.6468024719615473
3.258155184252689
3.1711421377889675
1.3342000457770655
1.6758068207827879
0.2900434882124056
0.2868207827878233
2.703849851224536
3.2742687113756004
2.9101029983978024
1.8852826733806363
1.6725841153582053
0.31582513160906384
0.2868207827878233
0.2900434882124056
1.0119295033188374
1.6693614099336231
3.2742687113756004
2.317125200274662
2.039972533760586
0.2868207827878233
0.2900434882124056
0.2868207827878233
0.4286198214694438
0.8507942320897229
1.7305928130006865
2.3429068436713205
3.2517097734035247
3.2742687113756004
2.984225223163195
1.9690730144197757
0.8862439917601281
2.5781643396658276
2.9133257038223848
2.4975967040512703
2.0818677042801554
2.359020370794232
1.7757106889448386
2.291343556878004
2.668400091554131
1.4018768596932936
2.574941634241245
2.758635843442435
3.2742687113756004
3.1711421377889675
3.2742687113756004
3.2742687113756004
3.2742687113756004
3.258155184252689
3.2742687113756004
3.258155184252689
3.2742687113756004
3.2742687113756004
2.8972121766994734
3.258155184252689
1.7821560997940031
0.49307392996108945
0.31582513160906384
0.2900434882124056
0.2868207827878233
1.021597619592584
1.0280430304417487
1.6983657587548637
3.196923781185626
3.2742687113756004
3.2742687113756004
2.935884641794461
2.1398764019226366
2.462146944380865
1.7402609292744335
0.7315541313801784
0.37383382925154496
0.2900434882124056
0.2900434882124056
1.3180865186541542
2.6265049210345617
1.6242435339894712
0.2900434882124056
0.283598077363241
0.2900434882124056
0.8411261158159762
1.6886976424811169
2.6007232776379032
2.9648889906157017
3.042233920805676
3.258155184252689
3.2742687113756004
3.2742687113756004
2.462146944380865
1.4373266193636987
2.890766765850309
1.5565667200732431
0.2868207827878233
1.066715495536736
0.2868207827878233
0.3029343099107347
0.6316502632181277
0.6961043717097734
2.381579308766308
3.2742687113756004
3.2742687113756004
2.475037766079194
1.430881208514534
1.5082261387045088
0.52207827878233
0.8991348134584572
0.2900434882124056
0.2803753719386587
0.7476676585030899
0.4866285191119249
2.6297276264591436
3.258155184252689
3.155028610666056
2.9648889906157017
1.8949507896543831
2.072199588006409
0.2868207827878233
3.2742687113756004
3.258155184252689
3.258155184252689
3.258155184252689
3.258155184252689
3.258155184252689
3.258155184252689
3.258155184252689
3.258155184252689
3.258155184252689
3.258155184252689
3.258155184252689
3.258155184252689
3.258155184252689
3.258155184252689
3.258155184252689
3.258155184252689
3.2355962462806134
3.196923781185626
3.1711421377889675
3.142137788967727
3.103465323872739
3.087351796749828
3.051902037079423
3.0132295719844358
0.2868207827878233
3.258155184252689
3.258155184252689
3.2742687113756004
3.258155184252689
3.258155184252689
3.2742687113756004
3.258155184252689
3.258155184252689
3.258155184252689
3.258155184252689
3.258155184252689
3.258155184252689
3.219482719157702
3.1937010757610436
3.148583199816892
3.1163561455710687
3.093797207598993
3.0680155642023346
2.678068207827878
2.9906706340123597
2.9777798123140307
2.939107347219043
0.6219821469443808
2.890766765850309
2.8359807736324103
2.7425223163195236
2.565273517967498
2.8359807736324103
2.7844174868390934
0.2803753719386587
0.2803753719386587
0.2803753719386587
0.27715266651407644
0.2803753719386587
0.2803753719386587
0.2868207827878233
0.2803753719386587
0.283598077363241
0.2868207827878233
0.27715266651407644
0.2803753719386587
0.27715266651407644
0.283598077363241
0.27715266651407644
3.258155184252689
3.2742687113756004
3.258155184252689
3.258155184252689
3.258155184252689
3.258155184252689
3.2742687113756004
3.2742687113756004
3.258155184252689
3.142137788967727
0.2868207827878233
0.2803753719386587
0.2868207827878233
0.2868207827878233
0.27715266651407644
0.27715266651407644
0.2803753719386587
0.2803753719386587
0.27715266651407644
0.2803753719386587
0.2868207827878233
0.2803753719386587
0.27715266651407644
0.2803753719386587
0.27715266651407644
0.2803753719386587
0.2803753719386587
0.2803753719386587
0.2868207827878233
0.32549324788281064
0.3706111238269627
0.41895170519569697
0.4511787594415198
0.48018310826276034
0.5253009842069123
0.5543053330281529
0.589755092698558
0.6219821469443808
0.6574319066147859
0.6864362554360265
0.7218860151064316
0.7541130693522544
0.7766720073243305
0.8024536507209887
0.8314579995422293
0.8604623483634698
0.8862439917601281
1.327754634927901
0.941029983978027
0.9603662165255207
0.9893705653467612
1.0119295033188374
1.04415655756466
1.066715495536736
1.0828290226596475
1.1053879606317234
1.1247241931792173
1.15695124742504
1.1827328908216983
1.1956237125200275
1.2246280613412681
1.2504097047379261
1.2858594644083312
1.3019729915312426
1.3213092240787365
1.3632043945983061
1.3793179217212175
1.4018768596932936
1.4179903868162052
1.4437720302128632
1.4663309681849392
1.4888899061570153
1.4921126115815975
1.5082261387045088
1.521116960402838
1.5340077821011673
1.543675898374914
1.5565667200732431
1.56623483634699
1.5694575417715724
1.5726802471961545
1.5920164797436482
1.5920164797436482
1.598461890592813
1.601684596017395
1.6081300068665596
1.6983657587548637
1.9594048981460288
1.827273975738155
1.6274662394140536
1.7821560997940031
1.7499290455481802
1.714479285877775
1.6371343556878002
1.6371343556878002
1.643579766536965
1.6500251773861294
1.6596932936598765
1.6629159990844586
1.6629159990844586
1.6725841153582053
1.6725841153582053
1.8852826733806363
2.2397802700846876
2.3944701304646374
2.320347905699245
2.7425223163195236
2.777972075989929
2.9487754634927903
2.678068207827878
3.0390112153810938
3.258155184252689
3.258155184252689
3.258155184252689
3.258155184252689
2.204330510414282
2.0560860608834974
2.184994277866789
1.8143831540398259
1.981963836118105
1.5694575417715724
1.9529594872968643
1.8530556191348135
1.9787411306935223
2.1882169832913707
2.152767223620966
2.213998626688029
2.346129549095903
2.291343556878004
2.291343556878004
2.1753261615930417
2.861762417029068
2.3074570840009154
2.410583657587549
2.565273517967498
2.678068207827878
2.5813870450904095
2.410583657587549
2.777972075989929
3.2742687113756004
1.6177981231403067
1.7531517509727625
2.2720073243305103
2.475037766079194
2.781194781414511
2.755413138017853
3.258155184252689
3.0680155642023346
2.323570611123827
2.5717189288166624
2.552382696269169
2.6812909132524605
2.8875440604257263
2.31390249485008
2.2945662623025864
1.985186541542687
2.1624353398947123
2.410583657587549
2.4460334172579534
2.587832455939574
3.258155184252689
3.258155184252689
3.258155184252689
3.258155184252689
3.258155184252689
3.258155184252689
3.258155184252689
3.258155184252689
3.258155184252689
3.258155184252689
3.258155184252689
3.219482719157702
2.758635843442435
2.7328542000457765
2.5137102311741817
2.255893797207599
2.1624353398947123
2.2945662623025864
2.1882169832913707
2.0593087663080794
1.9529594872968643
1.9980773632410163
1.8304966811627372
1.981963836118105
1.8788372625314715
1.9175097276264592
1.6177981231403067
1.7305928130006865
1.4373266193636987
1.5565667200732431
1.4663309681849392
1.1537285420004577
1.031265735866331
1.5694575417715724
1.5468986037994965
1.6596932936598765
1.521116960402838
1.598461890592813
1.8047150377660792
1.7499290455481802
1.8788372625314715
1.6242435339894712
1.8562783245593957
1.6468024719615473
1.7499290455481802
1.8143831540398259
1.633911650263218
1.9787411306935223
1.7273701075761043
2.1173174639505605
2.8843213550011444
3.258155184252689
3.258155184252689
3.258155184252689
3.258155184252689
3.258155184252689
3.258155184252689
3.258155184252689
3.2742687113756004
3.2742687113756004
3.258155184252689
3.258155184252689
3.258155184252689
3.258155184252689
2.861762417029068
2.8327580682078275
3.258155184252689
3.2742687113756004
3.2936049439230946
3.2968276493476765
3.2968276493476765
3.2968276493476765
3.2936049439230946
3.2968276493476765
3.2968276493476765
3.2742687113756004
3.0132295719844358
2.204330510414282
1.6371343556878002
1.7015884641794459
1.7015884641794459
0.9925932707713435
0.9474753948271916
1.3245319295033189
1.189178301670863
1.134392309452964
1.4985580224307622
0.2739299610894942
0.2739299610894942
0.2739299610894942
0.2803753719386587
1.102165255207141
0.2739299610894942
0.26426184481574727
0.2739299610894942
0.2739299610894942
0.2868207827878233
0.2739299610894942
0.2707072556649119
0.2707072556649119
3.2484870679789424
3.2484870679789424
3.2484870679789424
3.2484870679789424
3.2484870679789424
3.2484870679789424
0.2707072556649119
0.2739299610894942
0.2803753719386587
0.283598077363241
0.27715266651407644
0.2739299610894942
0.2739299610894942
0.2739299610894942
0.2739299610894942
0.2739299610894942
0.2803753719386587
0.2803753719386587
0.2739299610894942
0.2739299610894942
0.2739299610894942
0.2739299610894942
0.2707072556649119
0.2739299610894942
3.2484870679789424
3.2484870679789424
3.2484870679789424
3.2484870679789424
3.2484870679789424
3.2484870679789424
3.2517097734035247
3.2484870679789424
3.2484870679789424
3.2484870679789424
3.2484870679789424
3.2484870679789424
3.051902037079423
2.0045227740901805
1.5501213092240786
1.1376150148775461
0.8250125886930647
0.6316502632181277
0.2900434882124056
0.2868207827878233
0.6026459143968872
0.2868207827878233
0.2803753719386587
0.27715266651407644
0.2739299610894942
0.2868207827878233
0.2803753719386587
0.2868207827878233
1.292304875257496
1.598461890592813
2.552382696269169
3.2484870679789424
3.2484870679789424
3.2484870679789424
3.2484870679789424
3.2484870679789424
3.2484870679789424
3.2484870679789424
3.2484870679789424
3.2484870679789424
3.2484870679789424
3.2484870679789424
3.2484870679789424
3.2484870679789424
3.2484870679789424
3.2484870679789424
3.1711421377889675
3.1840329594872965
3.0680155642023346
2.9101029983978024
3.093797207598993
2.935884641794461
3.0454566262302585
2.9101029983978024
2.6297276264591436
2.5266010528725107
2.552382696269169
2.346129549095903
2.317125200274662
2.381579308766308
2.4460334172579534
1.9013962005035476
2.0593087663080794
2.065754177157244
2.939107347219043
2.265561913481346
1.8788372625314715
1.7402609292744335
1.859501029983978
1.5597894254978255
0.6252048523689631
1.359981689173724
1.1150560769054703
0.9313618677042801
0.9281391622796978
1.0602700846875717
1.0699382009613183
1.1859555962462804
1.292304875257496
1.0409338521400777
1.2020691233691918
1.189178301670863
1.053824673838407
1.0796063172350652
1.4921126115815975
1.0409338521400777
1.247186999313344
1.4663309681849392
1.2761913481345846
1.089274433508812
1.530785076676585
1.6532478828107118
3.2484870679789424
2.8069764248111695
1.930400549324788
2.475037766079194
2.2430029755092695
2.346129549095903
2.5717189288166624
2.210775921263447
2.278452735179675
2.317125200274662
2.085090409704738
2.0109681849393453
2.0367498283360037
2.0045227740901805
2.065754177157244
1.9465140764476996
1.79182421606775
1.9690730144197757
1.9078416113527121
2.085090409704738
2.039972533760586
1.9690730144197757
1.8659464408331423
1.7499290455481802
1.7757106889448386
1.9013962005035476
1.6371343556878002
1.5726802471961545
1.15695124742504
1.2407415884641795
1.237518883039597
1.2504097047379261
1.3696498054474708
1.4179903868162052
1.4212130922407873
2.062531471732662
2.246225680933852
2.4975967040512703
2.6168368047608146
2.9874479285877773
3.1163561455710687
3.2484870679789424
3.2484870679789424
3.206591897459373
3.1840329594872965
3.145360494392309
3.1163561455710687
3.0809063859006636
3.042233920805676
3.0132295719844358
2.9874479285877773
2.935884641794461
2.829535362783245
2.839203479056992
2.8456488899061565
2.839203479056992
2.7844174868390934
2.552382696269169
2.291343556878004
2.339684138246738
2.0593087663080794
2.033527122911421
2.1173174639505605
2.226889448386358
2.0206363012130923
1.90461890592813
1.8014923323414966
1.7724879835202563
1.8562783245593957
1.9110643167772945
1.9078416113527121
1.6532478828107118
1.5694575417715724
1.6468024719615473
1.714479285877775
1.7499290455481802
1.6596932936598765
1.7499290455481802
1.598461890592813
1.79182421606775
1.7402609292744335
1.6596932936598765
1.5920164797436482
1.5340077821011673
1.5597894254978255
1.4824444953078508
1.4921126115815975
1.5501213092240786
1.3535362783245595
1.56623483634699
1.4888899061570153
1.601684596017395
1.521116960402838
1.8562783245593957
1.8143831540398259
2.0915358205539025
2.255893797207599
2.1882169832913707
2.5362691691462578
2.5233783474479283
2.7715266651407644
2.565273517967498
2.8843213550011444
2.8359807736324103
2.8327580682078275
2.8069764248111695
2.3944701304646374
2.655509269855802
2.6168368047608146
2.6522865644312197
2.655509269855802
2.6168368047608146
2.5137102311741817
2.08831311512932
2.1688807507438774
2.0496406500343327
1.6886976424811169
1.8433875028610665
1.4953353170061798
1.6725841153582053
1.8530556191348135
1.711256580453193
1.6081300068665596
1.5050034332799267
1.5694575417715724
1.5823483634699016
1.440549324788281
1.598461890592813
1.5501213092240786
1.4953353170061798
1.7305928130006865
1.5050034332799267
1.5565667200732431
1.4534401464866102
1.4437720302128632
1.247186999313344
1.440549324788281
1.3857633325703822
1.327754634927901
1.3084184023804073
1.3148638132295718
1.5050034332799267
1.4179903868162052
1.1859555962462804
1.1182787823300526
0.9668116273746853
0.8701304646372168
1.0054840924696726
0.8991348134584572
1.3180865186541542
1.2246280613412681
1.4147676813916226
1.5855710688944837
1.359981689173724
1.1215014877546348
1.0183749141680019
1.2761913481345846
1.1956237125200275
1.4985580224307622
1.3084184023804073
1.6210208285648888
1.7241474021515222
1.4921126115815975
1.7821560997940031
1.6758068207827879
1.981963836118105
1.981963836118105
2.0141908903639276
2.0109681849393453
2.2430029755092695
2.165658045319295
1.859501029983978
1.8047150377660792
1.7982696269169145
2.204330510414282
2.552382696269169
2.471815060654612
1.9175097276264592
1.1440604257267109
1.5597894254978255
1.6177981231403067
1.5050034332799267
1.517894254978256
1.3503135728999769
2.107649347676814
1.981963836118105
2.371911192492561
2.152767223620966
1.9368459601739527
1.5952391851682308
1.4824444953078508
1.214959945067521
1.962627603570611
2.346129549095903
2.3074570840009154
1.6693614099336231
1.1279468986037995
1.053824673838407
1.9980773632410163
2.7296314946211946
2.3429068436713205
1.9013962005035476
2.152767223620966
2.8359807736324103
1.3632043945983061
0.8604623483634698
0.7476676585030899
0.6155367360952162
0.9378072785534447
1.0699382009613183
2.0109681849393453
2.0141908903639276
2.08831311512932
2.0593087663080794
2.3300160219729915
1.2987502861066604
0.8991348134584572
1.031265735866331
0.9764797436484322
0.9893705653467612
1.0377111467154954
1.1472831311512932
1.1730647745479514
1.179510185397116
2.0109681849393453
2.8746532387273973
2.6909590295262076
1.7628198672465094
1.9787411306935223
2.317125200274662
2.5362691691462578
2.529823758297093
2.9777798123140307
3.0680155642023346
2.9777798123140307
2.823089951934081
3.0809063859006636
2.9487754634927903
2.881098649576562
2.7360769054703593
2.668400091554131
2.8069764248111695
2.6007232776379032
2.4331425955596244
2.462146944380865
2.462146944380865
3.051902037079423
2.8843213550011444
2.484705882352941
2.6007232776379032
2.9648889906157017
2.935884641794461
1.8014923323414966
1.6371343556878002
1.79182421606775
1.9690730144197757
2.0496406500343327
2.291343556878004
1.9690730144197757
2.033527122911421
2.7876401922636758
2.5362691691462578
1.3632043945983061
0.7315541313801784
0.8862439917601281
1.0280430304417487
1.1859555962462804
1.4921126115815975
2.220444037537194
1.9465140764476996
1.6983657587548637
1.9336232547493706
1.6274662394140536
0.9990386816205081
0.7960082398718241
0.8991348134584572
1.1859555962462804
1.0183749141680019
0.6993270771343556
0.7670038910505836
1.292304875257496
1.8756145571068894
1.5920164797436482
1.8433875028610665
1.9013962005035476
1.7241474021515222
1.5726802471961545
1.5726802471961545
0.6928816662851911
0.7637811856260013
0.7444449530785077
0.8765758754863813
0.8443488212405584
0.8411261158159762
0.9313618677042801
1.0796063172350652
1.0924971389333944
1.2858594644083312
1.5050034332799267
1.1730647745479514
0.918471046005951
1.1376150148775461
1.2600778210116732
1.56623483634699
1.9594048981460288
2.0077454795147633
1.517894254978256
1.5050034332799267
1.1440604257267109
0.9635889219501029
1.066715495536736
0.6606546120393683
1.3116411078049897
1.430881208514534
1.6886976424811169
1.4695536736095216
1.6468024719615473
1.8079377431906614
1.6983657587548637
1.8143831540398259
2.0367498283360037
2.6297276264591436
2.6297276264591436
2.6007232776379032
2.758635843442435
2.703849851224536
2.829535362783245
2.4202517738612954
2.1882169832913707
2.5233783474479283
2.462146944380865
2.7425223163195236
2.9101029983978024
2.6232822156099793
2.5717189288166624
2.552382696269169
2.5491599908445868
2.42669718471046
2.462146944380865
2.0560860608834974
2.210775921263447
2.065754177157244
2.210775921263447
2.255893797207599
1.8788372625314715
1.7628198672465094
1.9594048981460288
2.1173174639505605
1.9175097276264592
1.9594048981460288
1.8304966811627372
0.7412222476539254
0.8507942320897229
0.9506981002517738
0.9635889219501029
1.1956237125200275
1.1859555962462804
1.405099565117876
1.395431448844129
1.6693614099336231
2.475037766079194
2.1624353398947123
