
 begin log for calibration v1FourierVis_2021-03-27 16:50:55.3254640.6219821469443808
3.196923781185626
0.6155367360952162
3.196923781185626
2.678068207827878
0.6284275577935454
3.196923781185626
0.6284275577935454
1.15695124742504
2.703849851224536
0.6219821469443808
2.3751338979171432
1.5726802471961545
0.6348729686427099
3.196923781185626
0.6284275577935454
3.1711421377889675
3.142137788967727
0.6155367360952162
3.196923781185626
0.6380956740672923
2.552382696269169
2.255893797207599
0.6219821469443808
1.7305928130006865
3.196923781185626
0.6155367360952162
1.1956237125200275
3.196923781185626
2.7844174868390934
0.6284275577935454
0.6316502632181277
3.1711421377889675
3.196923781185626
1.9336232547493706
0.6187594415197984
3.1711421377889675
3.196923781185626
0.6155367360952162
0.6477637903410391
2.703849851224536
3.196923781185626
3.0390112153810938
0.873353170061799
1.7241474021515222
3.13246967269398
1.3342000457770655
1.4437720302128632
3.196923781185626
2.678068207827878
0.6348729686427099
1.4921126115815975
3.1711421377889675
3.196923781185626
3.196923781185626
0.6219821469443808
0.6284275577935454
1.0924971389333944
3.196923781185626
3.1163561455710687
2.1398764019226366
0.7122178988326848
0.9539208056763561
1.0344884412909132
1.79182421606775
3.155028610666056
3.196923781185626
3.196923781185626
1.8659464408331423
1.79182421606775
0.6284275577935454
2.6232822156099793
2.317125200274662
3.1711421377889675
3.196923781185626
3.196923781185626
3.196923781185626
3.196923781185626
3.196923781185626
0.6284275577935454
0.6316502632181277
0.6155367360952162
0.6187594415197984
0.6187594415197984
2.4202517738612954
2.0045227740901805
2.346129549095903
2.5233783474479283
2.984225223163195
3.196923781185626
3.196923781185626
3.196923781185626
3.1840329594872965
3.0680155642023346
3.155028610666056
3.196923781185626
0.6284275577935454
1.6725841153582053
0.6252048523689631
0.6219821469443808
0.6413183794918745
2.984225223163195
3.196923781185626
3.196923781185626
3.196923781185626
0.702549782558938
1.6693614099336231
0.6219821469443808
0.6477637903410391
1.5340077821011673
2.317125200274662
3.103465323872739
3.196923781185626
3.196923781185626
1.9690730144197757
0.6348729686427099
0.6187594415197984
0.9281391622796978
3.051902037079423
3.196923781185626
2.4492561226825362
0.8088990615701533
0.6219821469443808
1.8304966811627372
3.196923781185626
3.196923781185626
1.053824673838407
0.6187594415197984
1.5855710688944837
3.155028610666056
3.196923781185626
0.9829251544975967
0.6219821469443808
0.6348729686427099
2.268784618905928
3.196923781185626
1.4985580224307622
0.6219821469443808
3.196923781185626
3.1711421377889675
0.6316502632181277
1.6983657587548637
3.196923781185626
2.0367498283360037
0.6187594415197984
3.196923781185626
1.6081300068665596
0.7122178988326848
3.196923781185626
0.6542092011902036
3.196923781185626
1.4921126115815975
0.6316502632181277
3.196923781185626
0.8669077592126344
1.5855710688944837
3.196923781185626
0.6219821469443808
0.6316502632181277
2.484705882352941
2.758635843442435
0.6284275577935454
3.196923781185626
0.6316502632181277
2.758635843442435
1.598461890592813
1.5404531929503318
3.196923781185626
0.6348729686427099
3.196923781185626
0.6155367360952162
0.6187594415197984
0.6252048523689631
0.6316502632181277
0.6348729686427099
0.8217898832684825
3.196923781185626
0.6284275577935454
3.196923781185626
0.6252048523689631
3.196923781185626
0.6187594415197984
3.196923781185626
0.6252048523689631
3.1711421377889675
0.7122178988326848
2.359020370794232
2.471815060654612
0.9442526894026093
3.0680155642023346
0.6284275577935454
3.196923781185626
1.6983657587548637
1.6081300068665596
3.196923781185626
0.6219821469443808
2.8327580682078275
3.051902037079423
0.6252048523689631
3.196923781185626
2.0560860608834974
0.6284275577935454
3.196923781185626
2.039972533760586
0.7541130693522544
3.196923781185626
1.6951430533302816
0.8153444724193178
3.196923781185626
1.359981689173724
0.6316502632181277
3.196923781185626
2.371911192492561
0.6284275577935454
3.196923781185626
2.8972121766994734
0.6219821469443808
2.1753261615930417
3.196923781185626
0.7122178988326848
0.8153444724193178
3.196923781185626
2.2720073243305103
3.196923781185626
2.0206363012130923
0.6252048523689631
2.152767223620966
3.196923781185626
2.1753261615930417
0.6155367360952162
1.2987502861066604
3.196923781185626
3.196923781185626
1.824051270313573
0.6155367360952162
0.6380956740672923
2.6297276264591436
3.196923781185626
3.103465323872739
0.7122178988326848
0.6252048523689631
0.7992309452964065
2.204330510414282
3.196923781185626
3.196923781185626
2.8875440604257263
2.1108720531013963
0.7057724879835202
0.6219821469443808
0.6284275577935454
1.5759029526207369
2.8875440604257263
3.196923781185626
3.196923781185626
2.823089951934081
2.0367498283360037
1.134392309452964
2.9101029983978024
2.3300160219729915
0.7122178988326848
0.6284275577935454
0.6155367360952162
0.6219821469443808
0.6252048523689631
0.6284275577935454
0.6316502632181277
0.6896589608606087
1.3438681620508124
1.6371343556878002
1.962627603570611
2.4202517738612954
3.1711421377889675
3.196923781185626
3.196923781185626
3.196923781185626
3.196923781185626
3.196923781185626
3.196923781185626
3.196923781185626
3.196923781185626
3.196923781185626
3.196923781185626
3.196923781185626
3.196923781185626
3.196923781185626
3.196923781185626
3.196923781185626
3.1840329594872965
3.093797207598993
2.942330052643625
2.552382696269169
2.7296314946211946
2.935884641794461
3.0003387502861063
3.029343099107347
2.935884641794461
2.8359807736324103
3.0003387502861063
2.9874479285877773
2.993893339436942
3.0454566262302585
3.196923781185626
3.196923781185626
3.196923781185626
3.196923781185626
3.196923781185626
3.196923781185626
3.196923781185626
3.196923781185626
3.196923781185626
3.196923781185626
2.758635843442435
2.0077454795147633
0.6155367360952162
3.103465323872739
2.423474479285878
0.6187594415197984
2.346129549095903
3.1840329594872965
3.196923781185626
3.196923781185626
3.1711421377889675
1.5920164797436482
3.1711421377889675
1.2987502861066604
2.475037766079194
0.6348729686427099
2.703849851224536
1.9980773632410163
0.6316502632181277
0.7089951934081026
2.8069764248111695
3.196923781185626
2.31390249485008
3.155028610666056
0.6187594415197984
3.196923781185626
3.1840329594872965
1.3760952162966353
3.196923781185626
1.8788372625314715
3.196923781185626
2.552382696269169
0.6219821469443808
2.4492561226825362
3.196923781185626
2.7296314946211946
0.6219821469443808
3.196923781185626
1.5759029526207369
3.196923781185626
0.6155367360952162
3.196923781185626
3.196923781185626
