
 begin log for calibration v1FourierVis_2021-03-28_15:47:31.2979713.2968276493476765
3.2968276493476765
3.2968276493476765
3.2968276493476765
3.2968276493476765
3.2968276493476765
3.2968276493476765
3.2968276493476765
3.2968276493476765
3.2968276493476765
3.2968276493476765
3.2968276493476765
3.2968276493476765
3.2968276493476765
3.2968276493476765
3.2968276493476765
3.2968276493476765
3.2968276493476765
3.2968276493476765
3.2968276493476765
3.2936049439230946
3.2968276493476765
3.2968276493476765
3.2968276493476765
3.2968276493476765
3.2968276493476765
3.2968276493476765
3.2968276493476765
3.2968276493476765
3.2968276493476765
3.2936049439230946
3.2968276493476765
3.2968276493476765
3.2968276493476765
3.2968276493476765
3.2968276493476765
3.2968276493476765
3.2968276493476765
3.2968276493476765
3.2968276493476765
3.2968276493476765
3.2968276493476765
3.2968276493476765
3.2968276493476765
3.2968276493476765
3.2968276493476765
3.2968276493476765
3.2968276493476765
3.2968276493476765
3.2968276493476765
3.2968276493476765
3.2968276493476765
3.2968276493476765
3.2968276493476765
3.2968276493476765
3.2968276493476765
3.2968276493476765
3.2968276493476765
3.2968276493476765
3.2968276493476765
3.2968276493476765
3.2968276493476765
3.2968276493476765
3.2968276493476765
3.2968276493476765
3.2968276493476765
3.2968276493476765
3.2968276493476765
3.2968276493476765
3.2968276493476765
3.2968276493476765
3.2968276493476765
3.2968276493476765
3.2968276493476765
3.2968276493476765
3.2968276493476765
3.2968276493476765
3.2968276493476765
3.2968276493476765
3.2968276493476765
3.2968276493476765
3.2968276493476765
3.2968276493476765
3.2968276493476765
3.2968276493476765
3.2968276493476765
3.2968276493476765
3.2968276493476765
3.2968276493476765
3.2968276493476765
3.2936049439230946
3.2968276493476765
3.2968276493476765
3.2968276493476765
3.2968276493476765
3.2968276493476765
3.2968276493476765
3.2968276493476765
3.2968276493476765
3.2968276493476765
3.2968276493476765
3.2968276493476765
3.2968276493476765
3.2968276493476765
3.2968276493476765
3.2968276493476765
3.2968276493476765
3.2968276493476765
3.2968276493476765
3.2968276493476765
3.2968276493476765
3.2968276493476765
3.2968276493476765
3.2936049439230946
3.2968276493476765
3.2968276493476765
3.2968276493476765
3.2968276493476765
3.2968276493476765
3.2968276493476765
3.2968276493476765
3.2968276493476765
3.2968276493476765
3.2968276493476765
3.2968276493476765
3.2968276493476765
3.2968276493476765
3.2936049439230946
3.2968276493476765
3.2936049439230946
3.2936049439230946
3.2968276493476765
3.2968276493476765
3.2968276493476765
3.2968276493476765
3.2968276493476765
3.2968276493476765
3.2968276493476765
3.2968276493476765
3.2968276493476765
3.2968276493476765
3.2968276493476765
3.2968276493476765
3.2968276493476765
3.2968276493476765
3.2968276493476765
3.2968276493476765
3.2968276493476765
3.2968276493476765
3.2968276493476765
3.2968276493476765
3.2968276493476765
3.2968276493476765
3.2968276493476765
3.2968276493476765
3.2968276493476765
3.2968276493476765
3.2968276493476765
3.2968276493476765
3.2968276493476765
3.2968276493476765
3.2968276493476765
3.2968276493476765
3.2968276493476765
3.2968276493476765
3.2936049439230946
3.2968276493476765
3.2968276493476765
3.2968276493476765
3.2968276493476765
3.2968276493476765
3.2968276493476765
3.2968276493476765
3.2968276493476765
3.2936049439230946
3.2968276493476765
3.2968276493476765
3.2968276493476765
3.2968276493476765
3.2968276493476765
3.2968276493476765
3.2968276493476765
3.2968276493476765
3.2968276493476765
3.2968276493476765
3.2968276493476765
3.2968276493476765
3.2968276493476765
3.2968276493476765
3.2968276493476765
3.2968276493476765
3.2968276493476765
3.2968276493476765
3.2968276493476765
3.2968276493476765
3.2968276493476765
3.2968276493476765
3.2968276493476765
3.2968276493476765
3.2968276493476765
3.2968276493476765
3.2968276493476765
3.2968276493476765
3.2968276493476765
3.2968276493476765
3.2968276493476765
3.2968276493476765
3.2968276493476765
3.2936049439230946
3.2968276493476765
3.2968276493476765
3.2968276493476765
3.2968276493476765
3.2968276493476765
3.2968276493476765
3.2968276493476765
3.2968276493476765
3.2968276493476765
3.2968276493476765
3.2968276493476765
3.2968276493476765
3.2936049439230946
3.2968276493476765
3.2968276493476765
3.2968276493476765
3.2968276493476765
3.2968276493476765
3.2968276493476765
3.2968276493476765
3.2968276493476765
3.2968276493476765
3.2968276493476765
3.2968276493476765
3.2968276493476765
3.2968276493476765
3.2936049439230946
3.2968276493476765
3.2968276493476765
3.2968276493476765
3.2968276493476765
3.2968276493476765
3.2968276493476765
3.2968276493476765
3.2968276493476765
3.2968276493476765
3.2968276493476765
3.2968276493476765
3.2968276493476765
3.2968276493476765
3.2968276493476765
3.2968276493476765
3.2968276493476765
3.2968276493476765
3.2968276493476765
3.2968276493476765
3.2936049439230946
3.2968276493476765
3.2968276493476765
3.2936049439230946
3.2936049439230946
3.2968276493476765
3.2968276493476765
3.2968276493476765
3.2968276493476765
3.2968276493476765
3.2968276493476765
3.2968276493476765
3.2968276493476765
3.2968276493476765
3.2968276493476765
3.2936049439230946
3.2968276493476765
3.2936049439230946
3.2968276493476765
3.2968276493476765
3.2968276493476765
3.2968276493476765
3.2968276493476765
3.2968276493476765
3.2968276493476765
3.2968276493476765
3.2968276493476765
3.2968276493476765
3.2968276493476765
3.2968276493476765
3.2968276493476765
3.2968276493476765
3.2968276493476765
3.2968276493476765
3.2968276493476765
3.2968276493476765
3.2968276493476765
3.2968276493476765
3.2968276493476765
3.2968276493476765
3.28715953307393
3.2968276493476765
3.2968276493476765
3.2968276493476765
3.2968276493476765
3.2936049439230946
3.2968276493476765
3.2968276493476765
3.2968276493476765
3.2968276493476765
3.2742687113756004
3.2968276493476765
3.2968276493476765
3.2968276493476765
3.2968276493476765
3.2968276493476765
3.2968276493476765
3.2968276493476765
3.2968276493476765
3.2968276493476765
3.2968276493476765
3.2968276493476765
3.2968276493476765
3.2484870679789424
3.2968276493476765
3.2968276493476765
3.2968276493476765
3.2936049439230946
3.2968276493476765
3.2742687113756004
3.2968276493476765
3.2968276493476765
3.2968276493476765
3.2968276493476765
3.2968276493476765
3.2968276493476765
3.2968276493476765
3.2710460059510185
3.2484870679789424
3.28715953307393
3.2968276493476765
3.2968276493476765
3.2936049439230946
3.2936049439230946
3.2968276493476765
3.2968276493476765
3.1840329594872965
3.24526436255436
3.2968276493476765
3.2968276493476765
3.2968276493476765
3.2968276493476765
3.2936049439230946
3.2968276493476765
3.2968276493476765
3.2968276493476765
3.2968276493476765
3.2968276493476765
3.2968276493476765
3.167919432364385
3.2968276493476765
3.142137788967727
3.2968276493476765
3.2742687113756004
3.142137788967727
3.2968276493476765
3.1711421377889675
3.1937010757610436
3.28715953307393
3.2968276493476765
3.2968276493476765
3.2968276493476765
3.2968276493476765
3.2936049439230946
3.2742687113756004
3.2968276493476765
3.2968276493476765
3.2968276493476765
3.2968276493476765
3.28715953307393
3.2355962462806134
3.28715953307393
3.2968276493476765
3.2936049439230946
3.28715953307393
3.2936049439230946
3.2968276493476765
3.2968276493476765
3.2968276493476765
3.2968276493476765
3.2968276493476765
3.2968276493476765
3.2968276493476765
3.2968276493476765
3.2968276493476765
3.103465323872739
3.2968276493476765
3.2968276493476765
3.2968276493476765
3.2742687113756004
3.2968276493476765
3.2968276493476765
3.2968276493476765
3.2742687113756004
3.2742687113756004
3.2936049439230946
3.2968276493476765
3.2968276493476765
3.2968276493476765
3.2968276493476765
3.0680155642023346
3.2968276493476765
3.155028610666056
3.2968276493476765
3.2742687113756004
3.2742687113756004
3.2968276493476765
3.093797207598993
3.2484870679789424
3.2968276493476765
3.1711421377889675
3.2968276493476765
3.258155184252689
3.145360494392309
2.9648889906157017
3.2968276493476765
2.942330052643625
3.2484870679789424
3.2968276493476765
3.2968276493476765
3.2968276493476765
3.1904783703364616
3.2968276493476765
3.2968276493476765
3.2968276493476765
3.2936049439230946
3.2936049439230946
3.2968276493476765
3.2968276493476765
3.258155184252689
3.2968276493476765
3.0680155642023346
3.2968276493476765
3.2517097734035247
3.13246967269398
3.0905745021744107
3.2742687113756004
3.196923781185626
3.2968276493476765
3.2968276493476765
3.28715953307393
3.2710460059510185
3.2968276493476765
3.2936049439230946
2.9906706340123597
3.219482719157702
3.200146486610208
3.2517097734035247
3.258155184252689
3.2742687113756004
3.2936049439230946
3.2936049439230946
2.9326619363698785
3.1711421377889675
3.2968276493476765
3.2968276493476765
3.206591897459373
3.035788509956512
3.2968276493476765
3.2968276493476765
3.2968276493476765
3.2968276493476765
3.2968276493476765
3.2968276493476765
3.2968276493476765
3.219482719157702
3.2936049439230946
3.2968276493476765
3.093797207598993
3.2968276493476765
3.2968276493476765
3.2968276493476765
3.2968276493476765
3.2484870679789424
3.1840329594872965
3.2742687113756004
2.9874479285877773
3.2968276493476765
3.258155184252689
3.2936049439230946
3.2742687113756004
3.2742687113756004
3.093797207598993
3.2968276493476765
3.2968276493476765
2.984225223163195
3.142137788967727
2.9326619363698785
2.9101029983978024
3.2968276493476765
3.2355962462806134
3.2968276493476765
3.2968276493476765
2.935884641794461
3.093797207598993
3.2968276493476765
2.9487754634927903
3.2968276493476765
3.2936049439230946
3.28715953307393
3.2968276493476765
3.2355962462806134
3.1711421377889675
3.2968276493476765
2.8746532387273973
3.2968276493476765
3.2710460059510185
2.8069764248111695
3.2968276493476765
3.2968276493476765
3.2968276493476765
3.2355962462806134
2.8069764248111695
3.2517097734035247
3.2968276493476765
3.2968276493476765
3.2968276493476765
3.103465323872739
3.2936049439230946
3.2968276493476765
3.2742687113756004
2.829535362783245
2.881098649576562
3.2968276493476765
3.2968276493476765
3.2484870679789424
3.2968276493476765
3.2968276493476765
3.2968276493476765
3.1840329594872965
3.0164522774090177
2.6845136186770424
3.2968276493476765
3.2742687113756004
3.2968276493476765
3.258155184252689
3.2968276493476765
3.2936049439230946
3.167919432364385
3.2742687113756004
3.145360494392309
2.8875440604257263
2.755413138017853
3.2968276493476765
3.2968276493476765
2.7296314946211946
2.758635843442435
3.0809063859006636
3.2936049439230946
3.2484870679789424
3.2968276493476765
3.206591897459373
3.13246967269398
3.2484870679789424
3.2968276493476765
3.2968276493476765
3.2968276493476765
3.2936049439230946
2.6748455024032958
3.2936049439230946
3.2968276493476765
2.8069764248111695
3.2968276493476765
2.707072556649119
3.0003387502861063
2.9487754634927903
3.2936049439230946
3.2936049439230946
2.703849851224536
3.2968276493476765
2.678068207827878
3.0905745021744107
3.167919432364385
3.2968276493476765
2.607168688487068
2.6812909132524605
3.029343099107347
3.2968276493476765
3.2742687113756004
3.2355962462806134
3.029343099107347
3.2742687113756004
3.2968276493476765
3.2968276493476765
3.2968276493476765
3.2742687113756004
2.829535362783245
2.655509269855802
2.861762417029068
3.2936049439230946
2.7425223163195236
3.2936049439230946
2.935884641794461
2.655509269855802
3.2968276493476765
3.2968276493476765
3.24526436255436
3.2936049439230946
3.2968276493476765
3.1840329594872965
3.2968276493476765
3.093797207598993
3.2742687113756004
3.2968276493476765
3.196923781185626
3.2968276493476765
3.196923781185626
3.0454566262302585
2.758635843442435
2.719963378347448
3.2742687113756004
2.8069764248111695
3.2968276493476765
2.8069764248111695
2.7296314946211946
3.2936049439230946
2.8972121766994734
3.2484870679789424
3.2936049439230946
2.6297276264591436
2.5233783474479283
3.2936049439230946
3.2936049439230946
3.28715953307393
3.2968276493476765
2.4009155413138017
3.167919432364385
3.2936049439230946
2.678068207827878
3.2968276493476765
3.2936049439230946
3.2936049439230946
3.2968276493476765
2.4782604715037766
3.2968276493476765
2.935884641794461
2.462146944380865
2.7264087891966122
3.2968276493476765
2.6393957427328907
2.4428107118333715
0.41572899977111466
0.41572899977111466
0.41250629434653235
0.4060608834973678
0.41572899977111466
0.41250629434653235
0.41572899977111466
0.41572899977111466
0.41572899977111466
0.41250629434653235
0.41895170519569697
3.2968276493476765
3.2968276493476765
3.2968276493476765
3.093797207598993
3.2968276493476765
2.9326619363698785
0.41572899977111466
0.42539711604486147
0.41250629434653235
0.41572899977111466
0.4060608834973678
3.2968276493476765
3.2968276493476765
0.41572899977111466
0.41895170519569697
3.0454566262302585
0.41250629434653235
0.41895170519569697
0.41895170519569697
0.42539711604486147
0.41895170519569697
3.2968276493476765
0.41895170519569697
0.41250629434653235
1.2633005264362553
1.1215014877546348
0.41895170519569697
2.346129549095903
0.4447333485923552
0.760558480201419
2.823089951934081
0.52207827878233
1.517894254978256
1.6596932936598765
2.861762417029068
0.43828793774319064
0.48340581368734264
2.4685923552300295
0.41250629434653235
0.4318425268940261
0.40283817807278555
2.0109681849393453
1.756374456397345
0.6316502632181277
1.7628198672465094
1.882059967956054
1.7757106889448386
0.4415106431677729
1.189178301670863
1.6629159990844586
1.053824673838407
2.703849851224536
0.4060608834973678
0.49629663538567176
1.327754634927901
2.268784618905928
0.4286198214694438
2.5491599908445868
1.098942549782559
0.49629663538567176
0.4447333485923552
2.1882169832913707
0.4286198214694438
0.9893705653467612
0.4318425268940261
1.633911650263218
0.4318425268940261
0.8153444724193178
0.43828793774319064
1.9690730144197757
1.5726802471961545
1.6758068207827879
2.9777798123140307
0.4705149919890135
1.8788372625314715
0.5317463950560769
1.9175097276264592
0.4286198214694438
2.268784618905928
1.8659464408331423
0.5607507438773174
1.6177981231403067
0.45440146486610206
0.5091874570840009
2.6168368047608146
0.48018310826276034
1.2665232318608375
0.9088029297322041
0.48018310826276034
1.5050034332799267
2.2172213321126115
0.4447333485923552
3.042233920805676
0.5478599221789884
2.072199588006409
1.6500251773861294
1.7499290455481802
1.2761913481345846
0.6090913252460517
0.4447333485923552
2.3300160219729915
0.5575280384527351
2.0077454795147633
0.4318425268940261
3.042233920805676
2.114094758525978
0.4286198214694438
1.057047379262989
0.6606546120393683
1.9013962005035476
0.6703227283131151
1.4953353170061798
1.5823483634699016
1.3922087434195467
2.1753261615930417
1.1182787823300526
0.6864362554360265
0.4350652323186084
2.0206363012130923
0.7347768368047608
0.4286198214694438
2.758635843442435
3.258155184252689
0.5414145113298238
0.9700343327992675
1.3986541542687112
0.8765758754863813
0.9861478599221789
0.4447333485923552
1.714479285877775
2.4492561226825362
0.49307392996108945
2.9648889906157017
0.5478599221789884
1.1440604257267109
1.3760952162966353
1.4469947356374455
1.8304966811627372
1.7402609292744335
0.4286198214694438
0.5478599221789884
1.7757106889448386
0.4286198214694438
0.9539208056763561
1.2858594644083312
0.6703227283131151
1.5694575417715724
0.48018310826276034
0.4705149919890135
0.48340581368734264
0.48018310826276034
0.5059647516594187
0.7315541313801784
0.5800869764248112
0.5285236896314945
0.4286198214694438
0.45440146486610206
0.5929777981231402
0.6832135500114441
0.702549782558938
0.4318425268940261
1.2020691233691918
0.4318425268940261
0.4447333485923552
0.7122178988326848
1.6629159990844586
0.8572396429388875
1.5694575417715724
1.247186999313344
1.9561821927214464
2.632950331883726
1.981963836118105
2.065754177157244
0.4415106431677729
0.43828793774319064
0.42539711604486147
3.13246967269398
2.1624353398947123
2.339684138246738
1.2729686427100022
2.719963378347448
2.552382696269169
0.8540169375143053
0.6316502632181277
1.5501213092240786
3.2742687113756004
0.6123140306706341
1.2504097047379261
2.255893797207599
1.0957198443579768
0.6123140306706341
1.6177981231403067
2.9262165255207138
0.5059647516594187
3.0132295719844358
1.3535362783245595
0.5478599221789884
0.6606546120393683
0.4479560540169375
2.1592126344701303
1.6596932936598765
0.4415106431677729
2.574941634241245
3.142137788967727
1.8788372625314715
2.143099107347219
1.2085145342183565
3.196923781185626
1.2890821698329138
0.49951934081025406
3.2355962462806134
0.42539711604486147
2.246225680933852
0.9506981002517738
1.7789333943694208
0.7122178988326848
2.984225223163195
1.1730647745479514
2.678068207827878
1.3019729915312426
0.4447333485923552
2.4492561226825362
0.5865323872739757
1.7789333943694208
0.5349691004806592
2.6909590295262076
2.072199588006409
0.4415106431677729
0.4286198214694438
0.4286198214694438
1.1827328908216983
1.827273975738155
0.4286198214694438
1.67902952620737
0.544637216754406
1.6983657587548637
0.6219821469443808
1.4985580224307622
2.265561913481346
0.8830212863355458
2.4782604715037766
1.4663309681849392
3.093797207598993
0.4415106431677729
0.4286198214694438
2.0077454795147633
0.7476676585030899
1.2439642938887616
2.423474479285878
2.101203936827649
2.4492561226825362
0.43828793774319064
0.4318425268940261
1.521116960402838
3.103465323872739
0.45440146486610206
0.5414145113298238
0.6252048523689631
0.9249164568551155
0.4447333485923552
0.7960082398718241
1.031265735866331
1.5920164797436482
1.5920164797436482
0.4479560540169375
0.5478599221789884
0.4705149919890135
0.4447333485923552
0.49629663538567176
1.5726802471961545
0.49951934081025406
1.6081300068665596
0.895912108033875
0.49629663538567176
1.3793179217212175
1.1118333714808881
0.702549782558938
1.5243396658274204
0.4479560540169375
0.7508903639276722
1.543675898374914
0.4447333485923552
0.5059647516594187
0.5414145113298238
0.45440146486610206
0.6896589608606087
0.5800869764248112
0.4447333485923552
1.0119295033188374
0.5639734493018997
1.5565667200732431
0.49629663538567176
0.4479560540169375
0.5285236896314945
1.04415655756466
0.45440146486610206
0.6767681391622797
1.440549324788281
0.4447333485923552
1.6983657587548637
0.4672922865644312
0.4576241702906843
0.45440146486610206
1.6983657587548637
1.2085145342183565
0.873353170061799
0.5994232089723048
0.5317463950560769
1.5726802471961545
0.8121217669947356
0.48018310826276034
0.7476676585030899
1.4373266193636987
1.5404531929503318
0.5253009842069123
1.6886976424811169
0.45440146486610206
0.7057724879835202
0.45440146486610206
1.4566628519111924
1.1086106660563058
0.6638773174639505
1.4373266193636987
1.598461890592813
0.6380956740672923
0.45440146486610206
1.102165255207141
1.711256580453193
0.5704188601510644
0.8862439917601281
1.6629159990844586
1.5823483634699016
0.4447333485923552
0.4447333485923552
0.49307392996108945
1.79182421606775
0.9120256351567865
0.5381918059052415
1.6854749370565345
0.5736415655756466
1.1279468986037995
1.3342000457770655
0.48018310826276034
0.8056763561455711
1.4824444953078508
0.6219821469443808
0.7992309452964065
0.5929777981231402
0.5317463950560769
0.5865323872739757
0.6026459143968872
0.4479560540169375
0.52207827878233
0.5575280384527351
0.5285236896314945
1.8337193865873196
1.2568551155870908
0.4640695811398489
0.702549782558938
0.9732570382238498
0.5317463950560769
1.5565667200732431
0.48018310826276034
0.7766720073243305
0.4479560540169375
0.9668116273746853
0.7476676585030899
0.6606546120393683
1.8949507896543831
0.6155367360952162
1.9078416113527121
0.5865323872739757
1.053824673838407
0.9958159761959258
0.5833096818493934
0.9603662165255207
0.4447333485923552
0.5833096818493934
1.2600778210116732
0.4447333485923552
0.589755092698558
1.5050034332799267
0.5865323872739757
0.8507942320897229
1.247186999313344
0.9120256351567865
0.5929777981231402
0.7734493018997483
1.3664271000228883
1.7273701075761043
0.45440146486610206
1.9013962005035476
0.49629663538567176
0.6026459143968872
0.7283314259555962
0.918471046005951
1.6693614099336231
1.9465140764476996
1.5275623712520026
0.918471046005951
1.7241474021515222
1.4695536736095216
1.6242435339894712
0.8056763561455711
1.5597894254978255
0.7895628290226596
0.5091874570840009
1.67902952620737
1.6983657587548637
1.1924010070954452
0.8088990615701533
0.8088990615701533
0.9797024490730144
2.0560860608834974
0.7863401235980773
0.48018310826276034
0.5994232089723048
0.8669077592126344
1.6758068207827879
2.1495445181963837
0.8669077592126344
1.5759029526207369
0.4479560540169375
1.5340077821011673
0.5478599221789884
0.6155367360952162
0.4479560540169375
1.5694575417715724
0.4705149919890135
1.1537285420004577
2.0593087663080794
0.49629663538567176
1.7241474021515222
1.8401647974364843
0.7895628290226596
1.5340077821011673
0.4672922865644312
0.6348729686427099
0.589755092698558
0.6123140306706341
0.9603662165255207
0.6574319066147859
0.4447333485923552
1.7757106889448386
0.4447333485923552
0.48340581368734264
1.8530556191348135
1.3084184023804073
2.065754177157244
0.8862439917601281
0.6509864957656213
2.1914396887159535
0.6864362554360265
0.47696040283817803
0.4479560540169375
0.52207827878233
1.5565667200732431
1.359981689173724
1.2697459372854198
1.4598855573357747
3.2968276493476765
3.2936049439230946
3.2968276493476765
2.8069764248111695
3.2968276493476765
2.9874479285877773
3.2968276493476765
3.2936049439230946
0.6896589608606087
3.28715953307393
3.2968276493476765
1.6758068207827879
3.2936049439230946
0.7283314259555962
2.861762417029068
3.2936049439230946
0.4286198214694438
2.8972121766994734
0.4705149919890135
1.5694575417715724
3.2742687113756004
0.4318425268940261
0.4286198214694438
0.49629663538567176
0.4318425268940261
0.4286198214694438
3.28715953307393
3.2742687113756004
3.28715953307393
3.2936049439230946
3.2936049439230946
0.4447333485923552
3.2936049439230946
1.3535362783245595
0.4672922865644312
3.2936049439230946
3.2936049439230946
2.1882169832913707
2.4492561226825362
3.28715953307393
3.28715953307393
0.4705149919890135
3.219482719157702
3.2936049439230946
0.43828793774319064
0.4286198214694438
3.2742687113756004
1.7757106889448386
0.6090913252460517
0.49307392996108945
0.4318425268940261
3.2936049439230946
3.042233920805676
3.2968276493476765
3.28715953307393
3.2936049439230946
0.5317463950560769
3.2936049439230946
3.2936049439230946
3.28715953307393
1.8047150377660792
2.6168368047608146
3.2936049439230946
0.4286198214694438
3.28715953307393
2.8359807736324103
1.598461890592813
2.226889448386358
0.4286198214694438
3.2936049439230946
3.28715953307393
0.4286198214694438
3.219482719157702
0.9990386816205081
0.4286198214694438
0.4286198214694438
3.0132295719844358
1.530785076676585
2.939107347219043
2.1398764019226366
2.165658045319295
0.4286198214694438
0.4318425268940261
0.7057724879835202
0.4286198214694438
3.2936049439230946
0.4286198214694438
0.45440146486610206
0.4286198214694438
3.0132295719844358
2.2430029755092695
0.4286198214694438
3.2936049439230946
0.4286198214694438
0.4286198214694438
0.9023575188830396
3.2936049439230946
3.2936049439230946
3.2936049439230946
3.2936049439230946
3.2936049439230946
3.2936049439230946
0.4415106431677729
0.43828793774319064
3.2936049439230946
3.2936049439230946
0.4318425268940261
0.43828793774319064
3.28715953307393
0.5833096818493934
0.4415106431677729
0.4705149919890135
3.2936049439230946
0.4705149919890135
0.4318425268940261
0.43828793774319064
3.2936049439230946
0.4286198214694438
0.43828793774319064
3.28715953307393
3.2936049439230946
0.45440146486610206
0.4318425268940261
0.43828793774319064
3.2936049439230946
3.2968276493476765
3.2936049439230946
3.2936049439230946
3.2936049439230946
3.2936049439230946
0.4576241702906843
3.2936049439230946
3.2936049439230946
3.2936049439230946
3.2936049439230946
0.4286198214694438
3.2936049439230946
3.2936049439230946
3.2936049439230946
3.2936049439230946
3.2968276493476765
3.2936049439230946
3.2936049439230946
3.2936049439230946
3.2936049439230946
0.43828793774319064
3.2936049439230946
3.2742687113756004
0.4286198214694438
1.7886015106431679
3.2936049439230946
3.2936049439230946
3.2742687113756004
3.28715953307393
3.28715953307393
0.4415106431677729
3.2742687113756004
3.2936049439230946
3.2936049439230946
3.2742687113756004
3.2936049439230946
0.4447333485923552
3.2936049439230946
3.28715953307393
0.4286198214694438
0.4447333485923552
3.2742687113756004
3.28715953307393
3.2936049439230946
3.2936049439230946
0.4286198214694438
3.2936049439230946
3.28715953307393
0.4640695811398489
3.155028610666056
3.2936049439230946
3.28715953307393
3.2936049439230946
3.2936049439230946
3.28715953307393
3.2936049439230946
3.093797207598993
3.13246967269398
3.2742687113756004
3.2936049439230946
3.2710460059510185
0.43828793774319064
3.2936049439230946
0.4576241702906843
0.43828793774319064
0.4318425268940261
0.48340581368734264
3.2936049439230946
0.828235294117647
0.43828793774319064
0.43828793774319064
0.4318425268940261
3.2936049439230946
3.2936049439230946
3.28715953307393
3.28715953307393
3.28715953307393
0.4479560540169375
3.2936049439230946
3.2936049439230946
3.2936049439230946
3.206591897459373
3.2936049439230946
3.2936049439230946
3.28715953307393
3.2742687113756004
3.2936049439230946
0.4286198214694438
3.2936049439230946
3.2936049439230946
3.28715953307393
3.2936049439230946
3.219482719157702
3.2936049439230946
1.824051270313573
3.2968276493476765
3.28715953307393
3.2936049439230946
3.2936049439230946
3.2355962462806134
0.4318425268940261
3.1937010757610436
0.43828793774319064
3.2936049439230946
3.2936049439230946
3.28715953307393
3.2936049439230946
3.2936049439230946
3.2742687113756004
3.2936049439230946
3.2936049439230946
3.2936049439230946
3.28715953307393
3.28715953307393
3.196923781185626
3.2936049439230946
3.219482719157702
3.2936049439230946
3.28715953307393
0.41895170519569697
3.2936049439230946
3.2936049439230946
0.40283817807278555
3.142137788967727
3.142137788967727
0.41572899977111466
0.41250629434653235
3.28715953307393
0.41572899977111466
0.4060608834973678
3.28715953307393
3.0454566262302585
3.2936049439230946
0.42539711604486147
3.2968276493476765
3.2936049439230946
3.2227054245822844
0.41572899977111466
3.2936049439230946
0.4060608834973678
0.41572899977111466
0.41895170519569697
3.2936049439230946
0.4060608834973678
0.41572899977111466
3.2936049439230946
3.28715953307393
0.41572899977111466
0.6864362554360265
3.2936049439230946
3.2936049439230946
0.4479560540169375
2.942330052643625
0.4286198214694438
3.2936049439230946
3.2968276493476765
3.28715953307393
0.41895170519569697
3.2936049439230946
0.41572899977111466
3.2968276493476765
3.28715953307393
0.40283817807278555
0.4060608834973678
0.41250629434653235
0.4060608834973678
0.4060608834973678
0.4060608834973678
0.4060608834973678
0.4060608834973678
0.4060608834973678
0.4060608834973678
0.41250629434653235
0.41572899977111466
0.4060608834973678
0.41250629434653235
0.40283817807278555
0.40283817807278555
0.40283817807278555
0.40283817807278555
0.40283817807278555
0.40283817807278555
0.39639276722362093
0.39317006179903863
0.39317006179903863
0.39317006179903863
0.39639276722362093
0.39639276722362093
0.39317006179903863
0.39639276722362093
0.39639276722362093
0.39639276722362093
0.39639276722362093
0.39639276722362093
0.39639276722362093
0.39639276722362093
0.39639276722362093
0.40283817807278555
0.39639276722362093
0.39317006179903863
0.39639276722362093
0.39639276722362093
0.39317006179903863
0.39639276722362093
0.39639276722362093
0.39639276722362093
0.39639276722362093
0.39639276722362093
0.39639276722362093
0.40283817807278555
0.39639276722362093
0.40283817807278555
0.40283817807278555
0.39639276722362093
0.39639276722362093
0.39639276722362093
0.40283817807278555
0.39639276722362093
0.40283817807278555
0.39639276722362093
0.39639276722362093
0.40283817807278555
0.39639276722362093
0.39639276722362093
0.40283817807278555
0.39639276722362093
0.39639276722362093
0.40283817807278555
0.40283817807278555
0.39639276722362093
0.40283817807278555
0.39639276722362093
0.40283817807278555
0.40283817807278555
0.40283817807278555
0.39639276722362093
0.39639276722362093
0.39639276722362093
0.41572899977111466
0.40283817807278555
0.39639276722362093
0.48018310826276034
0.39639276722362093
0.41572899977111466
0.48340581368734264
0.49307392996108945
0.39639276722362093
0.40283817807278555
0.39317006179903863
0.39639276722362093
0.39639276722362093
0.39639276722362093
0.40283817807278555
0.4060608834973678
0.40283817807278555
0.40283817807278555
0.39639276722362093
0.39639276722362093
0.39639276722362093
0.39639276722362093
0.40283817807278555
0.39639276722362093
0.39639276722362093
0.40283817807278555
0.40283817807278555
0.39639276722362093
0.39639276722362093
0.40283817807278555
0.39639276722362093
0.39639276722362093
0.5478599221789884
0.39639276722362093
0.40283817807278555
0.40283817807278555
0.39639276722362093
3.2936049439230946
3.2936049439230946
3.2936049439230946
3.2936049439230946
3.2968276493476765
3.2936049439230946
3.2968276493476765
3.2936049439230946
3.2968276493476765
3.2968276493476765
3.2936049439230946
3.2936049439230946
3.2936049439230946
3.2968276493476765
3.28715953307393
3.2936049439230946
3.2936049439230946
3.28715953307393
0.40283817807278555
0.40283817807278555
0.40283817807278555
0.40283817807278555
3.2936049439230946
0.40283817807278555
3.2936049439230946
3.2936049439230946
3.2936049439230946
0.40283817807278555
0.39639276722362093
0.39317006179903863
0.39639276722362093
2.7844174868390934
2.6297276264591436
0.41895170519569697
3.2936049439230946
0.39639276722362093
3.2936049439230946
3.2936049439230946
3.2936049439230946
3.2936049439230946
3.2936049439230946
3.2936049439230946
3.2936049439230946
3.258155184252689
3.2936049439230946
0.3641657129777981
0.3835019455252918
0.3835019455252918
0.4447333485923552
0.45440146486610206
0.4286198214694438
0.48340581368734264
0.4672922865644312
0.5059647516594187
0.5478599221789884
0.5478599221789884
0.5349691004806592
0.5349691004806592
0.5510826276035705
0.5059647516594187
0.49951934081025406
0.45440146486610206
0.39317006179903863
0.3673884184023804
0.3899473563744564
1.0957198443579768
1.031265735866331
0.3544975967040513
0.3544975967040513
1.1247241931792173
0.9700343327992675
0.7476676585030899
0.48340581368734264
0.2900434882124056
0.16113527122911422
0.17402609292744334
0.11924010070954451
0.10957198443579766
0.11924010070954451
0.10312657358663309
0.08379034103913939
0.10957198443579766
0.11924010070954451
0.11601739528496223
0.10957198443579766
0.08701304646372167
0.06767681391622797
0.058008697642481115
0.06445410849164569
0.058008697642481115
0.06445410849164569
0.058008697642481115
0.08701304646372167
0.08701304646372167
0.08379034103913939
0.07412222476539253
0.10957198443579766
0.08701304646372167
0.08379034103913939
0.08701304646372167
0.09345845731288624
0.07412222476539253
0.09345845731288624
0.08379034103913939
0.10957198443579766
0.09345845731288624
0.08701304646372167
0.09345845731288624
0.08701304646372167
0.08379034103913939
0.041895170519569695
0.08379034103913939
0.08701304646372167
0.032227054245822846
0.08379034103913939
0.07089951934081025
0.08379034103913939
0.08056763561455711
0.08379034103913939
0.07412222476539253
0.05478599221789883
0.07089951934081025
0.08379034103913939
0.06767681391622797
0.06767681391622797
0.08701304646372167
0.06767681391622797
0.09345845731288624
0.041895170519569695
0.06767681391622797
0.08379034103913939
0.058008697642481115
0.08379034103913939
0.006445410849164568
0.16113527122911422
0.06445410849164569
0.032227054245822846
0.051563286793316544
0.08379034103913939
0.10957198443579766
0.23203479056992446
0.23848020141908902
0.32549324788281064
0.34160677500572206
0.2739299610894942
0.39317006179903863
0.2997116044861524
0.29326619363698786
0.31582513160906384
0.2997116044861524
0.25781643396658277
0.13857633325703822
0.14824444953078506
0.06445410849164569
0.351274891279469
0.23848020141908902
0.23848020141908902
0.23525749599450674
0.26426184481574727
0.2223666742961776
0.27715266651407644
0.24814831769283588
0.09345845731288624
0.11924010070954451
0.20625314717326618
0.13857633325703822
0.17080338750286103
0.0612314030670634
0.022558937972075987
0.10634927901121537
0.11601739528496223
0.13213092240787364
0.24170290684367132
0.25137102311741816
0.21269855802243073
0.2739299610894942
0.351274891279469
0.24814831769283588
0.24814831769283588
0.1450217441062028
0.24814831769283588
0.20625314717326618
0.19013962005035476
0.34160677500572206
0.16758068207827878
0.032227054245822846
0.19013962005035476
0.11924010070954451
0.09345845731288624
0.2739299610894942
0.08379034103913939
0.08379034103913939
0.08056763561455711
0.10957198443579766
0.1224628061341268
0.10957198443579766
0.10312657358663309
0.11924010070954451
0.09345845731288624
0.09345845731288624
0.08056763561455711
0.19658503089951931
0.20947585259784848
0.19658503089951931
0.19658503089951931
0.2707072556649119
0.26426184481574727
0.09023575188830395
0.0386724650949874
0.012890821698329136
0.0
0.05478599221789883
0.15791256580453192
0.17724879835202564
0.18691691462577248
0.1804715037766079
0.2868207827878233
0.2900434882124056
0.13535362783245594
0.34160677500572206
0.2739299610894942
0.18691691462577248
0.24170290684367132
0.08379034103913939
0.2900434882124056
0.24170290684367132
0.20947585259784848
0.24170290684367132
0.2900434882124056
0.17080338750286103
0.17080338750286103
0.2739299610894942
0.24814831769283588
0.08701304646372167
0.37383382925154496
0.41572899977111466
0.49307392996108945
0.0612314030670634
0.25781643396658277
0.24814831769283588
0.1836942092011902
0.2223666742961776
0.25137102311741816
0.19013962005035476
0.0193362325474937
0.4576241702906843
0.2868207827878233
0.0
0.0
0.17402609292744334
0.11924010070954451
0.17080338750286103
0.20947585259784848
0.24170290684367132
0.30615701533531703
0.33516136415655756
0.4415106431677729
0.48018310826276034
0.5736415655756466
0.5736415655756466
0.6123140306706341
0.589755092698558
0.5994232089723048
0.13857633325703822
0.11924010070954451
0.13535362783245594
0.48340581368734264
0.048340581368734266
0.1450217441062028
0.13857633325703822
0.15791256580453192
0.18691691462577248
0.18691691462577248
0.23525749599450674
0.2739299610894942
0.21269855802243073
0.2449256122682536
0.2255893797207599
0.20947585259784848
0.25781643396658277
0.2868207827878233
0.25781643396658277
0.24170290684367132
0.2900434882124056
0.23203479056992446
0.18691691462577248
0.19658503089951931
0.16758068207827878
0.16113527122911422
0.16113527122911422
0.24814831769283588
0.24814831769283588
0.1836942092011902
0.19658503089951931
0.24814831769283588
0.2739299610894942
0.2997116044861524
0.2997116044861524
0.26426184481574727
0.2739299610894942
0.2739299610894942
0.19658503089951931
0.1450217441062028
0.16113527122911422
0.15791256580453192
0.13213092240787364
0.21269855802243073
0.2997116044861524
0.27715266651407644
0.2739299610894942
0.29326619363698786
0.29326619363698786
0.24170290684367132
0.21269855802243073
0.17080338750286103
0.17080338750286103
0.13857633325703822
0.3835019455252918
0.4866285191119249
0.589755092698558
0.5091874570840009
0.32227054245822845
0.11924010070954451
0.11601739528496223
0.11924010070954451
0.1224628061341268
0.34482948043030437
0.19658503089951931
0.12568551155870908
0.13857633325703822
0.23848020141908902
0.3706111238269627
0.21914396887159532
0.1804715037766079
0.17724879835202564
0.19658503089951931
0.24814831769283588
0.10634927901121537
0.12890821698329138
0.12568551155870908
0.5317463950560769
0.8024536507209887
0.7863401235980773
0.7895628290226596
0.7927855344472419
0.8701304646372168
0.8862439917601281
0.8669077592126344
0.8024536507209887
0.8475715266651408
0.6187594415197984
0.3480521858548867
0.33193865873197526
0.2964888990615701
0.30615701533531703
0.3093797207598992
0.31260242618448153
1.1086106660563058
1.3213092240787365
1.327754634927901
1.3213092240787365
1.3793179217212175
1.4437720302128632
1.4921126115815975
1.5017807278553443
1.521116960402838
1.5468986037994965
1.5468986037994965
1.521116960402838
1.4663309681849392
0.6864362554360265
0.39961547264820324
0.29326619363698786
0.2900434882124056
0.31904783703364614
0.2803753719386587
0.31260242618448153
0.261039139391165
0.3093797207598992
0.2997116044861524
0.3802792401007095
0.3641657129777981
0.33193865873197526
0.31582513160906384
0.31582513160906384
1.517894254978256
1.5114488441290912
1.4792217898832682
1.2633005264362553
1.2407415884641795
1.2697459372854198
1.237518883039597
1.3438681620508124
1.359981689173724
1.4437720302128632
1.4631082627603569
1.4469947356374455
1.4663309681849392
1.5017807278553443
1.4695536736095216
1.4695536736095216
1.4437720302128632
1.4695536736095216
1.4212130922407873
1.4663309681849392
1.0957198443579768
1.0860517280842297
1.0924971389333944
1.089274433508812
1.0699382009613183
1.0344884412909132
0.9668116273746853
0.9506981002517738
0.9925932707713435
0.9635889219501029
0.9474753948271916
0.9506981002517738
1.5501213092240786
1.6081300068665596
1.5017807278553443
1.4663309681849392
1.4824444953078508
1.4469947356374455
1.4663309681849392
1.2890821698329138
1.2729686427100022
1.2761913481345846
0.9893705653467612
1.2504097047379261
1.2987502861066604
0.9345845731288625
0.9861478599221789
0.8250125886930647
0.9088029297322041
0.8604623483634698
0.9152483405813686
0.8540169375143053
0.8185671778439001
0.8443488212405584
1.4212130922407873
0.6864362554360265
0.567196154726482
1.0022613870450903
0.6445410849164569
0.7766720073243305
0.941029983978027
0.9281391622796978
0.9829251544975967
0.7895628290226596
0.7702265964751659
0.7960082398718241
0.8153444724193178
0.9474753948271916
0.9797024490730144
0.9893705653467612
0.9925932707713435
1.0280430304417487
1.1472831311512932
1.1086106660563058
1.2761913481345846
0.873353170061799
1.0183749141680019
0.9958159761959258
1.089274433508812
0.9474753948271916
0.5156328679331655
0.42539711604486147
0.3706111238269627
0.33193865873197526
1.0248203250171664
0.9829251544975967
0.2964888990615701
0.9925932707713435
0.7895628290226596
0.783117418173495
0.7734493018997483
1.359981689173724
0.26426184481574727
0.12568551155870908
0.2707072556649119
0.8540169375143053
1.0087067978942548
0.9474753948271916
0.8217898832684825
0.9732570382238498
0.9506981002517738
0.9732570382238498
1.021597619592584
0.918471046005951
1.04415655756466
0.3641657129777981
1.0796063172350652
1.1633966582742046
1.2568551155870908
0.9603662165255207
1.3664271000228883
1.1472831311512932
1.430881208514534
1.2085145342183565
1.2407415884641795
1.5468986037994965
1.5920164797436482
1.0054840924696726
1.5791256580453192
1.5597894254978255
1.6177981231403067
1.5468986037994965
1.5340077821011673
1.67902952620737
1.3019729915312426
1.2310734721904324
1.2729686427100022
1.485667200732433
1.089274433508812
1.485667200732433
1.5114488441290912
1.4953353170061798
1.395431448844129
1.601684596017395
1.4341039139391165
1.5759029526207369
1.5243396658274204
1.6177981231403067
1.4018768596932936
1.4147676813916226
1.5050034332799267
1.4727763790341037
1.6403570611123826
1.6822522316319524
1.4695536736095216
1.4566628519111924
1.7595971618219273
1.5017807278553443
1.7015884641794459
1.601684596017395
1.6532478828107118
1.6854749370565345
1.601684596017395
1.6177981231403067
1.405099565117876
1.4469947356374455
1.485667200732433
1.4888899061570153
1.4147676813916226
1.8401647974364843
1.79182421606775
1.8627237354085602
1.8756145571068894
1.8530556191348135
1.7273701075761043
1.6177981231403067
1.90461890592813
1.3374227512016479
1.4469947356374455
1.7757106889448386
1.7273701075761043
1.9271778439002059
1.8433875028610665
1.7531517509727625
1.711256580453193
1.7273701075761043
1.6951430533302816
1.5759029526207369
1.6113527122911422
1.8627237354085602
1.7950469214923324
2.2397802700846876
2.423474479285878
1.9175097276264592
1.530785076676585
1.6919203479056992
1.327754634927901
1.3760952162966353
1.4598855573357747
1.395431448844129
1.4115449759670404
1.408322270542458
1.430881208514534
1.4115449759670404
1.4147676813916226
1.5275623712520026
1.5114488441290912
1.4631082627603569
1.485667200732433
1.5565667200732431
1.2536324101625085
1.8756145571068894
1.8111604486152437
1.7886015106431679
1.7886015106431679
1.7789333943694208
1.7853788052185853
1.7628198672465094
1.962627603570611
1.714479285877775
1.737038223849851
1.711256580453193
1.7273701075761043
1.7209246967269396
1.7499290455481802
1.7273701075761043
1.8788372625314715
1.8143831540398259
1.7660425726710915
1.769265278095674
1.714479285877775
1.9110643167772945
1.8143831540398259
1.8304966811627372
1.8337193865873196
1.8466102082856488
1.9239551384756237
1.882059967956054
1.9465140764476996
2.0109681849393453
1.9336232547493706
1.8143831540398259
1.8047150377660792
1.7628198672465094
1.836942092011902
1.824051270313573
1.8917280842298008
1.836942092011902
1.8079377431906614
1.8949507896543831
1.7499290455481802
1.8304966811627372
1.836942092011902
1.8304966811627372
1.836942092011902
1.8014923323414966
1.824051270313573
1.8304966811627372
