
 begin log for calibration v1FourierVis_2021-03-27 18:18:02.8225311.211737239642939
0.8894666971847104
1.0828290226596475
1.214959945067521
1.2761913481345846
1.8047150377660792
2.1882169832913707
1.5759029526207369
1.7402609292744335
2.458924238956283
2.346129549095903
2.552382696269169
2.8875440604257263
2.9906706340123597
2.9874479285877773
2.839203479056992
3.0164522774090177
2.8553170061799036
2.6941817349507895
2.6297276264591436
2.6490638590066378
2.6490638590066378
2.719963378347448
2.552382696269169
2.6393957427328907
2.452478828107118
2.1108720531013963
2.0045227740901805
1.930400549324788
2.114094758525978
2.0367498283360037
2.5233783474479283
2.423474479285878
2.1882169832913707
2.2623392080567633
2.278452735179675
2.213998626688029
2.5104875257495993
2.184994277866789
1.7757106889448386
1.7499290455481802
1.7757106889448386
1.7628198672465094
1.8014923323414966
1.8176058594644082
2.339684138246738
2.5362691691462578
2.3751338979171432
2.255893797207599
2.2720073243305103
2.0045227740901805
1.9594048981460288
2.0496406500343327
1.9175097276264592
1.4921126115815975
1.5146715495536736
2.143099107347219
1.9884092469672694
1.2633005264362553
1.5565667200732431
1.824051270313573
1.4985580224307622
1.7402609292744335
1.8337193865873196
1.7048111696040282
1.7821560997940031
2.0109681849393453
1.6177981231403067
1.8659464408331423
1.7209246967269396
2.0045227740901805
1.8143831540398259
1.4469947356374455
1.521116960402838
1.7209246967269396
1.7886015106431679
1.7273701075761043
1.711256580453193
1.6854749370565345
1.7048111696040282
1.6758068207827879
1.711256580453193
1.7209246967269396
2.1173174639505605
2.1624353398947123
2.0206363012130923
1.8659464408331423
2.065754177157244
1.7724879835202563
1.8788372625314715
1.737038223849851
1.8659464408331423
1.737038223849851
1.5952391851682308
1.3245319295033189
1.1472831311512932
1.2858594644083312
1.2858594644083312
1.3374227512016479
1.7789333943694208
1.9465140764476996
1.827273975738155
1.756374456397345
1.0957198443579768
1.8304966811627372
1.6242435339894712
1.6886976424811169
1.7273701075761043
2.0464179446097504
1.756374456397345
1.633911650263218
1.9529594872968643
1.7273701075761043
1.90461890592813
1.3374227512016479
1.3245319295033189
1.3503135728999769
1.3632043945983061
1.405099565117876
1.405099565117876
1.4469947356374455
1.4341039139391165
1.517894254978256
1.5565667200732431
1.5565667200732431
1.859501029983978
2.0077454795147633
1.8756145571068894
1.8562783245593957
2.5201556420233464
1.90461890592813
1.9561821927214464
1.79182421606775
2.133430991073472
2.5781643396658276
2.204330510414282
2.4331425955596244
3.1163561455710687
2.881098649576562
2.7940856031128405
2.755413138017853
2.574941634241245
2.278452735179675
1.7402609292744335
0.8411261158159762
0.13535362783245594
0.4286198214694438
1.2342961776150148
1.2342961776150148
1.3922087434195467
1.4373266193636987
1.1601739528496224
1.4663309681849392
2.552382696269169
1.756374456397345
1.6725841153582053
2.6393957427328907
2.7328542000457765
2.417029068436713
3.142137788967727
3.042233920805676
2.861762417029068
3.2484870679789424
3.24526436255436
3.2484870679789424
3.13246967269398
2.9648889906157017
3.119578850995651
3.24526436255436
3.142137788967727
3.1228015564202334
3.17436484321355
3.097019913023575
3.093797207598993
3.0003387502861063
2.7844174868390934
2.143099107347219
2.655509269855802
2.6007232776379032
2.607168688487068
2.410583657587549
1.9884092469672694
2.0496406500343327
2.829535362783245
2.758635843442435
2.7328542000457765
2.8456488899061565
2.829535362783245
2.107649347676814
1.6113527122911422
1.4534401464866102
1.56623483634699
1.211737239642939
1.1633966582742046
1.2600778210116732
1.5243396658274204
1.8079377431906614
1.9980773632410163
1.981963836118105
2.5137102311741817
2.462146944380865
2.371911192492561
1.9175097276264592
2.265561913481346
1.237518883039597
0.9249164568551155
0.1546898603799496
0.2997116044861524
0.6413183794918745
1.0924971389333944
1.4437720302128632
1.3406454566262302
1.643579766536965
1.6081300068665596
1.6371343556878002
1.521116960402838
0.6509864957656213
0.2803753719386587
0.20625314717326618
0.16113527122911422
0.15791256580453192
0.6671000228885328
1.2794140535591667
1.981963836118105
1.7821560997940031
1.395431448844129
1.3503135728999769
1.4985580224307622
1.5082261387045088
0.32549324788281064
0.5027420462348363
0.5381918059052415
0.895912108033875
0.5929777981231402
1.0602700846875717
1.7499290455481802
2.2430029755092695
1.849832913710231
1.643579766536965
1.9271778439002059
1.8659464408331423
2.6007232776379032
2.5233783474479283
1.8433875028610665
1.5468986037994965
0.3835019455252918
0.2868207827878233
0.3577203021286335
1.79182421606775
2.0593087663080794
2.317125200274662
2.152767223620966
2.31390249485008
2.381579308766308
2.226889448386358
2.371911192492561
1.9336232547493706
0.8701304646372168
0.6671000228885328
0.9249164568551155
1.5146715495536736
2.494373998626688
2.4009155413138017
2.42669718471046
2.4202517738612954
2.3944701304646374
2.777972075989929
2.6393957427328907
1.601684596017395
1.440549324788281
1.5597894254978255
1.6725841153582053
1.4631082627603569
2.719963378347448
2.655509269855802
2.5394918745708397
2.3429068436713205
2.4492561226825362
2.3976928358892193
2.3944701304646374
1.475999084458686
0.13535362783245594
0.13213092240787364
0.32871595330739295
1.3632043945983061
1.8143831540398259
1.8659464408331423
1.79182421606775
1.7757106889448386
1.9013962005035476
2.0593087663080794
2.552382696269169
2.2301121538109405
2.0109681849393453
1.994854657816434
2.5040421149004346
2.4975967040512703
2.462146944380865
2.265561913481346
2.2365575646601052
2.2720073243305103
2.710295262073701
2.371911192492561
2.0109681849393453
2.210775921263447
2.2011078049897
2.587832455939574
2.7715266651407644
2.758635843442435
2.758635843442435
2.278452735179675
1.5243396658274204
1.5597894254978255
2.0045227740901805
2.213998626688029
2.2172213321126115
2.297788967727169
2.5137102311741817
1.6242435339894712
1.5565667200732431
1.6596932936598765
1.7531517509727625
1.824051270313573
2.587832455939574
2.2430029755092695
1.521116960402838
1.395431448844129
2.1237628747997253
2.268784618905928
2.3976928358892193
2.2623392080567633
2.6845136186770424
2.484705882352941
2.1946623941405354
2.0560860608834974
1.930400549324788
1.5050034332799267
1.6983657587548637
1.1118333714808881
0.13535362783245594
0.13535362783245594
0.33838406958113987
1.1215014877546348
1.211737239642939
1.405099565117876
1.5565667200732431
1.9980773632410163
1.8788372625314715
1.824051270313573
2.2720073243305103
2.3300160219729915
2.3429068436713205
3.219482719157702
2.9874479285877773
2.8456488899061565
2.823089951934081
2.758635843442435
3.145360494392309
2.9262165255207138
2.781194781414511
1.8659464408331423
1.6177981231403067
1.6500251773861294
2.484705882352941
3.0680155642023346
3.1131334401464863
2.607168688487068
1.9690730144197757
1.9368459601739527
2.226889448386358
1.8143831540398259
1.9690730144197757
2.0496406500343327
2.317125200274662
1.5082261387045088
1.3180865186541542
1.7499290455481802
1.7660425726710915
1.098942549782559
0.9925932707713435
0.4447333485923552
1.3535362783245595
0.9345845731288625
1.247186999313344
0.4866285191119249
1.0860517280842297
0.40928358892195005
1.405099565117876
0.23525749599450674
0.3706111238269627
1.6725841153582053
0.5188555733577477
0.873353170061799
0.3673884184023804
1.1988464179446097
0.3867246509498741
1.2761913481345846
0.2674845502403296
0.2449256122682536
1.0796063172350652
0.17724879835202564
0.13535362783245594
0.6219821469443808
0.13535362783245594
0.6413183794918745
0.13535362783245594
0.13535362783245594
0.6058686198214694
1.3148638132295718
0.4608468757152666
0.6606546120393683
0.8636850537880522
0.9732570382238498
0.9023575188830396
1.0602700846875717
1.2407415884641795
1.189178301670863
1.3406454566262302
1.2987502861066604
1.5597894254978255
2.484705882352941
2.9874479285877773
2.7425223163195236
2.858539711604486
2.9874479285877773
2.939107347219043
3.0390112153810938
3.142137788967727
3.1840329594872965
2.939107347219043
1.981963836118105
1.5694575417715724
1.5050034332799267
1.6274662394140536
1.5243396658274204
1.8659464408331423
2.7940856031128405
2.9101029983978024
3.2420416571297777
3.1228015564202334
2.423474479285878
2.210775921263447
2.291343556878004
1.3503135728999769
1.3503135728999769
1.5468986037994965
1.4469947356374455
1.8949507896543831
2.678068207827878
2.6490638590066378
2.255893797207599
2.1882169832913707
2.072199588006409
2.0560860608834974
2.381579308766308
1.8047150377660792
1.530785076676585
1.6403570611123826
1.7402609292744335
1.1730647745479514
1.2987502861066604
2.0367498283360037
2.7296314946211946
3.0454566262302585
2.942330052643625
2.668400091554131
2.5781643396658276
2.6168368047608146
2.0141908903639276
1.8433875028610665
1.930400549324788
1.6693614099336231
1.6983657587548637
2.1495445181963837
3.1131334401464863
2.9648889906157017
2.8456488899061565
2.8456488899061565
2.6909590295262076
1.517894254978256
1.5243396658274204
1.6758068207827879
1.6725841153582053
1.5855710688944837
1.6081300068665596
1.7531517509727625
2.3944701304646374
2.410583657587549
2.8972121766994734
1.9465140764476996
1.8304966811627372
2.3976928358892193
1.6500251773861294
1.3760952162966353
1.3019729915312426
1.3503135728999769
1.9561821927214464
1.530785076676585
1.9529594872968643
1.711256580453193
1.8079377431906614
1.1762874799725338
1.292304875257496
2.0045227740901805
1.3664271000228883
1.3438681620508124
1.90461890592813
1.5243396658274204
1.9465140764476996
2.3074570840009154
2.417029068436713
2.574941634241245
2.607168688487068
1.7628198672465094
1.859501029983978
2.359020370794232
1.6532478828107118
1.5050034332799267
1.5855710688944837
2.7973083085374224
3.0809063859006636
2.3654657816433966
2.391247425040055
2.0464179446097504
1.598461890592813
0.8540169375143053
0.8443488212405584
0.8475715266651408
0.873353170061799
2.1269855802243076
1.981963836118105
2.368688487067979
3.2355962462806134
3.2355962462806134
3.2227054245822844
2.436365300984207
2.2430029755092695
2.719963378347448
2.552382696269169
0.8475715266651408
0.5027420462348363
0.7670038910505836
1.6081300068665596
1.67902952620737
1.5565667200732431
0.9474753948271916
0.13535362783245594
0.34160677500572206
0.4350652323186084
0.589755092698558
0.7670038910505836
0.7960082398718241
1.6725841153582053
2.0818677042801554
2.2430029755092695
2.1237628747997253
2.033527122911421
1.9336232547493706
0.9925932707713435
1.2858594644083312
1.6596932936598765
2.916548409246967
2.935884641794461
2.3332387273975734
2.152767223620966
2.1269855802243076
2.2397802700846876
2.1398764019226366
2.529823758297093
2.4009155413138017
1.430881208514534
1.359981689173724
1.5050034332799267
1.0087067978942548
1.5694575417715724
2.143099107347219
2.033527122911421
2.1688807507438774
1.9787411306935223
1.1118333714808881
0.9925932707713435
0.9797024490730144
1.0409338521400777
1.1537285420004577
1.7015884641794459
2.320347905699245
1.9465140764476996
2.291343556878004
1.985186541542687
2.0238590066376747
2.0206363012130923
1.3148638132295718
1.6596932936598765
1.711256580453193
1.90461890592813
1.8659464408331423
1.9175097276264592
1.9980773632410163
1.90461890592813
1.8530556191348135
1.8562783245593957
1.8659464408331423
0.8346807049668116
0.7992309452964065
0.9152483405813686
1.0377111467154954
1.1827328908216983
1.1537285420004577
1.0924971389333944
1.211737239642939
1.4018768596932936
1.4437720302128632
1.4566628519111924
1.1827328908216983
1.4824444953078508
1.2858594644083312
1.3632043945983061
1.6500251773861294
1.6596932936598765
1.756374456397345
1.7499290455481802
1.8304966811627372
1.8143831540398259
1.7757106889448386
1.8401647974364843
1.746706340123598
1.7757106889448386
1.7757106889448386
1.824051270313573
1.746706340123598
1.8433875028610665
1.8949507896543831
1.8659464408331423
1.8788372625314715
1.962627603570611
1.7821560997940031
1.8304966811627372
1.8949507896543831
1.7499290455481802
1.9207324330510414
2.0238590066376747
1.8788372625314715
1.7499290455481802
1.882059967956054
1.7724879835202563
1.9175097276264592
2.255893797207599
1.930400549324788
1.962627603570611
1.9271778439002059
1.9013962005035476
1.5114488441290912
1.3245319295033189
1.4179903868162052
1.4663309681849392
1.711256580453193
1.598461890592813
1.6210208285648888
2.1366536964980547
2.3300160219729915
2.562050812542916
2.9648889906157017
2.555605401693751
2.810199130235752
2.8069764248111695
2.8069764248111695
2.9874479285877773
2.781194781414511
1.746706340123598
1.4212130922407873
1.8659464408331423
1.4792217898832682
1.521116960402838
1.8852826733806363
2.8069764248111695
2.5459372854200044
2.4685923552300295
2.5394918745708397
2.2172213321126115
2.323570611123827
2.184994277866789
2.317125200274662
2.0141908903639276
2.0141908903639276
1.8949507896543831
1.90461890592813
1.7273701075761043
1.737038223849851
1.882059967956054
1.7305928130006865
1.8014923323414966
1.7886015106431679
