
 begin log for calibration v12021-03-27 17:25:56.2366171.9336232547493706
1.8562783245593957
2.085090409704738
2.204330510414282
2.107649347676814
2.0496406500343327
1.6725841153582053
1.7499290455481802
1.746706340123598
2.2720073243305103
2.1398764019226366
2.346129549095903
2.3429068436713205
2.3751338979171432
2.268784618905928
2.2172213321126115
2.1237628747997253
2.152767223620966
2.3074570840009154
2.1398764019226366
2.204330510414282
2.1398764019226366
2.085090409704738
2.0109681849393453
1.9561821927214464
1.6242435339894712
1.7757106889448386
1.6983657587548637
1.6596932936598765
1.9465140764476996
1.9336232547493706
1.9175097276264592
1.9980773632410163
2.6168368047608146
2.719963378347448
2.6297276264591436
2.6297276264591436
2.5008194094758522
2.5233783474479283
2.4492561226825362
2.346129549095903
2.317125200274662
2.114094758525978
1.981963836118105
1.6081300068665596
1.7209246967269396
1.7982696269169145
1.8659464408331423
1.859501029983978
1.6886976424811169
1.7305928130006865
1.746706340123598
1.882059967956054
1.79182421606775
1.8079377431906614
1.859501029983978
1.8304966811627372
1.9465140764476996
1.8530556191348135
2.0206363012130923
2.0367498283360037
2.1882169832913707
2.1753261615930417
2.291343556878004
2.226889448386358
2.3300160219729915
2.220444037537194
2.291343556878004
2.346129549095903
2.1366536964980547
2.184994277866789
2.1108720531013963
2.08831311512932
2.0593087663080794
1.9529594872968643
1.930400549324788
2.0206363012130923
1.859501029983978
1.8079377431906614
1.8788372625314715
1.8433875028610665
1.90461890592813
1.9980773632410163
2.1398764019226366
2.085090409704738
2.107649347676814
2.1108720531013963
2.0367498283360037
2.1366536964980547
2.1108720531013963
2.291343556878004
2.2172213321126115
2.2172213321126115
2.062531471732662
1.90461890592813
2.0367498283360037
1.8659464408331423
2.6297276264591436
2.6297276264591436
2.4492561226825362
2.371911192492561
1.1601739528496224
0.8991348134584572
0.5929777981231402
0.7218860151064316
0.9249164568551155
3.087351796749828
3.1163561455710687
3.196923781185626
3.142137788967727
3.196923781185626
3.196923781185626
3.196923781185626
1.9980773632410163
2.101203936827649
2.268784618905928
2.268784618905928
2.3751338979171432
2.3654657816433966
2.2430029755092695
2.2430029755092695
0.7541130693522544
0.4898512245365072
0.49629663538567176
0.49629663538567176
2.2430029755092695
2.4492561226825362
2.6007232776379032
2.3751338979171432
2.3429068436713205
2.4975967040512703
2.3944701304646374
2.1237628747997253
0.5962005035477226
0.5027420462348363
0.49629663538567176
0.49307392996108945
2.0109681849393453
2.2172213321126115
2.368688487067979
2.552382696269169
2.552382696269169
2.8456488899061565
3.196923781185626
3.196923781185626
2.678068207827878
1.5050034332799267
1.440549324788281
1.598461890592813
1.4953353170061798
2.574941634241245
2.6007232776379032
2.3944701304646374
2.291343556878004
2.861762417029068
2.4975967040512703
1.0344884412909132
0.4866285191119249
0.49307392996108945
0.48340581368734264
2.552382696269169
2.6232822156099793
2.668400091554131
2.4782604715037766
2.381579308766308
2.3429068436713205
1.6725841153582053
0.4898512245365072
0.49307392996108945
0.49951934081025406
0.4866285191119249
2.0367498283360037
3.196923781185626
3.196923781185626
2.9874479285877773
2.8327580682078275
2.6909590295262076
2.6748455024032958
1.7499290455481802
0.5833096818493934
0.49307392996108945
0.49629663538567176
1.6693614099336231
2.0496406500343327
2.1173174639505605
1.930400549324788
1.8143831540398259
1.756374456397345
2.268784618905928
2.1882169832913707
0.49629663538567176
0.4866285191119249
0.49951934081025406
0.4898512245365072
0.6864362554360265
2.4975967040512703
3.0680155642023346
3.196923781185626
3.029343099107347
2.881098649576562
2.777972075989929
1.6693614099336231
0.49629663538567176
0.5575280384527351
1.4179903868162052
1.981963836118105
1.8659464408331423
1.9465140764476996
3.0905745021744107
2.9648889906157017
3.0132295719844358
2.839203479056992
3.196923781185626
3.042233920805676
2.8456488899061565
1.7757106889448386
0.8540169375143053
1.3857633325703822
1.4276585030899518
1.5404531929503318
1.6983657587548637
3.196923781185626
3.196923781185626
3.196923781185626
3.196923781185626
3.1163561455710687
2.9101029983978024
2.039972533760586
0.9635889219501029
0.9764797436484322
0.48340581368734264
0.5027420462348363
0.49951934081025406
1.8079377431906614
2.552382696269169
2.8359807736324103
2.935884641794461
2.7844174868390934
2.5233783474479283
2.42669718471046
2.3300160219729915
1.4437720302128632
0.49629663538567176
0.7283314259555962
0.9668116273746853
1.3503135728999769
1.2761913481345846
1.8530556191348135
2.3429068436713205
2.291343556878004
2.8359807736324103
2.655509269855802
2.475037766079194
2.3074570840009154
2.1882169832913707
1.8949507896543831
0.49951934081025406
0.49629663538567176
0.5059647516594187
0.4898512245365072
2.085090409704738
1.6468024719615473
1.8530556191348135
2.417029068436713
2.291343556878004
2.165658045319295
2.072199588006409
2.5201556420233464
2.8843213550011444
2.062531471732662
1.7628198672465094
1.8433875028610665
2.165658045319295
2.381579308766308
2.2430029755092695
2.152767223620966
2.0593087663080794
2.0496406500343327
2.101203936827649
1.2052918287937744
0.49951934081025406
0.49307392996108945
1.6371343556878002
2.08831311512932
1.9690730144197757
2.678068207827878
2.462146944380865
2.291343556878004
1.962627603570611
2.0109681849393453
2.587832455939574
1.90461890592813
1.8530556191348135
1.9465140764476996
1.981963836118105
1.9690730144197757
1.214959945067521
1.7273701075761043
2.0206363012130923
1.9594048981460288
0.9539208056763561
0.8088990615701533
1.076383611810483
1.8304966811627372
1.5759029526207369
1.5694575417715724
1.8047150377660792
2.2430029755092695
1.8949507896543831
1.7628198672465094
1.9980773632410163
2.033527122911421
2.359020370794232
2.423474479285878
2.9874479285877773
2.7715266651407644
2.707072556649119
2.574941634241245
2.587832455939574
3.042233920805676
3.0132295719844358
2.410583657587549
1.1633966582742046
0.6284275577935454
0.7637811856260013
0.9313618677042801
1.7209246967269396
2.6007232776379032
3.196923781185626
3.1937010757610436
2.935884641794461
2.8069764248111695
2.678068207827878
2.574941634241245
2.5201556420233464
3.0454566262302585
3.087351796749828
2.9874479285877773
3.051902037079423
1.102165255207141
0.49307392996108945
0.4898512245365072
0.9893705653467612
1.053824673838407
2.1624353398947123
2.085090409704738
2.471815060654612
2.529823758297093
2.381579308766308
2.278452735179675
1.8949507896543831
0.9732570382238498
1.1215014877546348
1.430881208514534
1.4373266193636987
1.430881208514534
1.4727763790341037
1.5050034332799267
1.5759029526207369
1.405099565117876
1.3084184023804073
1.3889860379949646
1.6081300068665596
1.711256580453193
1.79182421606775
1.8949507896543831
1.90461890592813
1.930400549324788
1.6693614099336231
1.6242435339894712
1.6758068207827879
1.6725841153582053
2.9326619363698785
1.543675898374914
1.6210208285648888
1.6725841153582053
2.1624353398947123
3.1937010757610436
3.1904783703364616
3.196923781185626
3.196923781185626
0.8346807049668116
0.5994232089723048
0.4866285191119249
0.4898512245365072
0.4898512245365072
0.5027420462348363
0.5059647516594187
0.6928816662851911
0.9603662165255207
1.3922087434195467
1.5694575417715724
1.7273701075761043
0.49307392996108945
0.49307392996108945
0.49629663538567176
1.237518883039597
2.2623392080567633
3.1904783703364616
3.1904783703364616
3.196923781185626
3.1840329594872965
3.1904783703364616
3.1904783703364616
3.196923781185626
3.196923781185626
3.087351796749828
2.9262165255207138
2.8456488899061565
2.7844174868390934
2.7715266651407644
2.7296314946211946
2.5362691691462578
2.5233783474479283
2.935884641794461
2.278452735179675
2.152767223620966
2.0367498283360037
1.9594048981460288
1.7048111696040282
1.6242435339894712
1.7757106889448386
1.67902952620737
1.5920164797436482
1.5920164797436482
1.6693614099336231
1.633911650263218
1.6886976424811169
1.756374456397345
1.7048111696040282
1.8304966811627372
1.90461890592813
1.930400549324788
1.90461890592813
1.8788372625314715
1.930400549324788
1.981963836118105
2.114094758525978
2.1882169832913707
2.268784618905928
2.226889448386358
2.2945662623025864
2.371911192492561
2.3300160219729915
2.3300160219729915
2.268784618905928
2.359020370794232
2.278452735179675
2.4975967040512703
2.317125200274662
2.2881208514534217
2.204330510414282
1.8337193865873196
1.9271778439002059
1.7402609292744335
1.7273701075761043
1.6371343556878002
1.5759029526207369
1.5694575417715724
1.5340077821011673
1.6242435339894712
1.7402609292744335
1.67902952620737
1.6113527122911422
1.3438681620508124
1.2342961776150148
1.7015884641794459
1.6758068207827879
1.6242435339894712
1.7821560997940031
1.7628198672465094
1.6242435339894712
1.7048111696040282
1.6532478828107118
1.1827328908216983
1.2342961776150148
1.179510185397116
1.1827328908216983
1.0280430304417487
1.102165255207141
1.0860517280842297
1.1053879606317234
1.2665232318608375
1.4179903868162052
1.4276585030899518
1.5565667200732431
1.6081300068665596
1.643579766536965
1.6596932936598765
1.8047150377660792
1.7499290455481802
1.8659464408331423
1.8047150377660792
1.7757106889448386
1.6951430533302816
1.5468986037994965
1.5694575417715724
1.4888899061570153
1.3342000457770655
1.359981689173724
1.3374227512016479
1.405099565117876
1.359981689173724
1.56623483634699
1.6081300068665596
1.7209246967269396
1.9336232547493706
1.9690730144197757
2.1237628747997253
2.210775921263447
2.1366536964980547
2.2430029755092695
2.320347905699245
2.226889448386358
2.065754177157244
2.0141908903639276
1.9594048981460288
2.1366536964980547
2.085090409704738
1.981963836118105
1.9690730144197757
1.90461890592813
1.8433875028610665
2.829535362783245
2.6909590295262076
2.6007232776379032
2.417029068436713
2.320347905699245
2.2172213321126115
1.930400549324788
0.49951934081025406
0.49307392996108945
1.8788372625314715
2.291343556878004
2.8069764248111695
2.7715266651407644
2.6168368047608146
2.4975967040512703
2.317125200274662
2.678068207827878
2.1108720531013963
2.0496406500343327
2.152767223620966
2.107649347676814
1.9690730144197757
1.9465140764476996
1.7241474021515222
0.5510826276035705
0.702549782558938
0.5027420462348363
0.8894666971847104
2.0045227740901805
2.0109681849393453
2.033527122911421
2.0496406500343327
2.3751338979171432
2.359020370794232
0.5091874570840009
0.5059647516594187
1.5694575417715724
1.5146715495536736
1.711256580453193
2.565273517967498
2.678068207827878
2.6845136186770424
1.8304966811627372
1.930400549324788
1.962627603570611
2.1914396887159535
3.196923781185626
3.1840329594872965
3.196923781185626
2.6297276264591436
2.484705882352941
2.297788967727169
2.5233783474479283
3.051902037079423
2.1882169832913707
1.9884092469672694
1.9271778439002059
1.8014923323414966
1.6725841153582053
1.6177981231403067
0.7283314259555962
1.6886976424811169
2.101203936827649
1.9980773632410163
1.8047150377660792
1.7982696269169145
0.5027420462348363
0.49629663538567176
0.8250125886930647
1.04415655756466
1.0151522087434195
1.521116960402838
1.6242435339894712
1.643579766536965
1.5340077821011673
1.5694575417715724
1.711256580453193
1.0957198443579768
0.5027420462348363
0.5027420462348363
0.5704188601510644
1.440549324788281
1.5694575417715724
1.4437720302128632
1.5694575417715724
1.4663309681849392
1.0054840924696726
0.5962005035477226
0.6993270771343556
1.4888899061570153
1.5855710688944837
1.962627603570611
3.1904783703364616
3.196923781185626
3.1904783703364616
3.1937010757610436
3.196923781185626
3.196923781185626
3.087351796749828
1.9110643167772945
1.8143831540398259
1.6468024719615473
1.859501029983978
1.8304966811627372
2.210775921263447
2.1173174639505605
2.033527122911421
2.0593087663080794
1.6886976424811169
1.601684596017395
1.56623483634699
0.7251087205310139
0.7573357747768368
0.49629663538567176
0.5091874570840009
1.1956237125200275
0.9925932707713435
1.6983657587548637
1.598461890592813
1.5565667200732431
1.4373266193636987
1.5050034332799267
1.6468024719615473
0.8024536507209887
0.737999542229343
0.8572396429388875
1.5597894254978255
1.6725841153582053
1.633911650263218
1.8949507896543831
2.0109681849393453
1.9690730144197757
1.9336232547493706
2.1882169832913707
0.8797985809109636
0.9893705653467612
0.9797024490730144
1.0860517280842297
0.9958159761959258
1.0280430304417487
1.0183749141680019
1.1118333714808881
0.9539208056763561
0.9925932707713435
1.102165255207141
1.3535362783245595
1.5694575417715724
1.5597894254978255
1.6081300068665596
1.6242435339894712
1.5050034332799267
1.517894254978256
1.5340077821011673
1.4985580224307622
1.6274662394140536
1.79182421606775
2.0109681849393453
2.0560860608834974
2.268784618905928
2.368688487067979
2.291343556878004
2.359020370794232
2.6007232776379032
2.8327580682078275
2.703849851224536
2.552382696269169
2.4331425955596244
2.2430029755092695
2.2397802700846876
2.291343556878004
2.2430029755092695
2.0109681849393453
1.9884092469672694
1.9980773632410163
1.9594048981460288
1.981963836118105
2.0206363012130923
1.962627603570611
2.0077454795147633
3.196923781185626
2.5233783474479283
2.6007232776379032
1.4437720302128632
2.574941634241245
1.8788372625314715
3.1904783703364616
3.196923781185626
3.196923781185626
3.196923781185626
3.1937010757610436
3.1937010757610436
3.196923781185626
3.1840329594872965
3.1904783703364616
3.196923781185626
3.196923781185626
3.196923781185626
3.196923781185626
3.196923781185626
3.196923781185626
3.1840329594872965
3.145360494392309
2.0109681849393453
1.1956237125200275
0.4898512245365072
0.49307392996108945
0.4866285191119249
0.5027420462348363
0.49629663538567176
0.49951934081025406
0.49951934081025406
0.49951934081025406
0.4898512245365072
0.49629663538567176
0.49629663538567176
0.4866285191119249
0.941029983978027
0.49629663538567176
0.4866285191119249
0.4866285191119249
0.49307392996108945
0.49951934081025406
0.4866285191119249
0.49951934081025406
0.49629663538567176
0.5059647516594187
0.49629663538567176
0.5124101625085832
0.5478599221789884
0.5768642710002289
0.6123140306706341
0.6509864957656213
0.6864362554360265
0.715440604257267
0.7476676585030899
0.7734493018997483
0.8024536507209887
0.8443488212405584
0.8604623483634698
0.8862439917601281
0.9120256351567865
3.1711421377889675
2.839203479056992
1.9594048981460288
1.0957198443579768
1.3116411078049897
1.6274662394140536
1.2665232318608375
1.521116960402838
1.90461890592813
1.5404531929503318
1.521116960402838
2.065754177157244
1.6886976424811169
1.598461890592813
1.962627603570611
3.196923781185626
3.1937010757610436
2.565273517967498
3.196923781185626
3.1840329594872965
1.9594048981460288
3.196923781185626
1.8304966811627372
3.196923781185626
2.4685923552300295
3.196923781185626
3.1937010757610436
1.031265735866331
1.56623483634699
1.8949507896543831
1.6758068207827879
1.359981689173724
0.6928816662851911
0.679990844586862
0.8346807049668116
1.066715495536736
1.9594048981460288
2.278452735179675
3.196923781185626
