
 begin log for calibration v12021-03-27 16:55:32.1843710.6993270771343556
0.702549782558938
0.6219821469443808
1.057047379262989
3.196923781185626
1.5340077821011673
0.6284275577935454
3.196923781185626
2.942330052643625
0.6123140306706341
0.9797024490730144
3.196923781185626
2.7296314946211946
0.6090913252460517
0.9668116273746853
0.9120256351567865
3.196923781185626
2.9906706340123597
0.6316502632181277
0.6316502632181277
3.196923781185626
3.196923781185626
1.7015884641794459
0.6155367360952162
0.7798947127489128
3.196923781185626
3.196923781185626
2.4460334172579534
0.6090913252460517
0.9281391622796978
3.196923781185626
3.196923781185626
1.1408377203021287
0.6187594415197984
1.2987502861066604
3.196923781185626
3.196923781185626
1.9078416113527121
0.6155367360952162
0.6961043717097734
2.152767223620966
3.196923781185626
3.142137788967727
1.5050034332799267
0.6123140306706341
0.6316502632181277
2.462146944380865
3.196923781185626
3.196923781185626
2.6168368047608146
0.702549782558938
0.6187594415197984
1.3438681620508124
3.196923781185626
3.196923781185626
3.0809063859006636
1.6983657587548637
0.6090913252460517
0.6284275577935454
1.9690730144197757
3.196923781185626
2.6297276264591436
3.196923781185626
3.196923781185626
2.5137102311741817
0.702549782558938
0.6219821469443808
0.6316502632181277
1.9594048981460288
3.196923781185626
3.196923781185626
3.1163561455710687
2.1882169832913707
0.8765758754863813
0.7057724879835202
0.6155367360952162
0.6284275577935454
1.4888899061570153
3.1711421377889675
3.196923781185626
3.196923781185626
3.196923781185626
2.9101029983978024
2.0109681849393453
0.702549782558938
0.6123140306706341
0.6284275577935454
1.5050034332799267
1.981963836118105
3.196923781185626
3.196923781185626
3.196923781185626
3.196923781185626
3.0132295719844358
2.574941634241245
2.030304417486839
0.7089951934081026
0.6123140306706341
0.6187594415197984
0.6348729686427099
1.440549324788281
1.4469947356374455
1.8659464408331423
3.1711421377889675
3.196923781185626
2.31390249485008
2.5813870450904095
0.6284275577935454
3.196923781185626
0.6219821469443808
1.543675898374914
3.196923781185626
1.5050034332799267
1.3793179217212175
3.196923781185626
3.1711421377889675
3.1840329594872965
3.1711421377889675
3.1711421377889675
2.4975967040512703
2.065754177157244
1.6951430533302816
1.1215014877546348
0.6316502632181277
0.6155367360952162
0.6219821469443808
0.6187594415197984
0.6219821469443808
0.6155367360952162
0.6155367360952162
0.6187594415197984
0.6187594415197984
0.6219821469443808
0.6219821469443808
0.6252048523689631
0.6252048523689631
0.6284275577935454
0.6219821469443808
0.6252048523689631
0.6219821469443808
0.6252048523689631
0.6252048523689631
0.6284275577935454
3.196923781185626
1.9175097276264592
2.587832455939574
0.6316502632181277
3.196923781185626
3.196923781185626
3.196923781185626
3.196923781185626
2.7715266651407644
2.085090409704738
1.6725841153582053
3.196923781185626
0.6284275577935454
1.7757106889448386
3.196923781185626
3.196923781185626
3.196923781185626
3.155028610666056
1.8788372625314715
0.6187594415197984
0.6155367360952162
0.6219821469443808
0.8862439917601281
2.210775921263447
2.8359807736324103
3.196923781185626
3.196923781185626
2.2430029755092695
0.760558480201419
0.6155367360952162
0.7089951934081026
2.3944701304646374
3.196923781185626
3.196923781185626
2.5491599908445868
0.8991348134584572
0.6252048523689631
0.6090913252460517
1.711256580453193
3.196923781185626
3.196923781185626
1.6371343556878002
0.6284275577935454
0.6123140306706341
0.7089951934081026
2.5201556420233464
3.196923781185626
3.196923781185626
1.0796063172350652
0.6219821469443808
0.6993270771343556
2.565273517967498
3.196923781185626
2.3976928358892193
3.1163561455710687
0.6123140306706341
2.2623392080567633
0.6123140306706341
2.781194781414511
3.196923781185626
2.475037766079194
0.7315541313801784
0.6155367360952162
1.4018768596932936
3.196923781185626
3.196923781185626
1.4921126115815975
0.6219821469443808
0.6348729686427099
2.6393957427328907
3.196923781185626
3.145360494392309
0.783117418173495
0.6123140306706341
1.6500251773861294
3.196923781185626
3.1711421377889675
0.8540169375143053
0.6123140306706341
1.8788372625314715
3.196923781185626
3.1711421377889675
0.8250125886930647
0.6090913252460517
2.7360769054703593
3.196923781185626
1.601684596017395
0.6155367360952162
1.4437720302128632
3.196923781185626
3.1711421377889675
0.6316502632181277
0.6252048523689631
3.196923781185626
3.1711421377889675
0.6252048523689631
0.9281391622796978
3.196923781185626
2.7296314946211946
0.6187594415197984
1.5759029526207369
3.196923781185626
1.7499290455481802
0.6123140306706341
2.8843213550011444
3.196923781185626
0.6252048523689631
1.4727763790341037
3.196923781185626
1.021597619592584
0.6252048523689631
3.196923781185626
1.598461890592813
0.6090913252460517
3.196923781185626
1.930400549324788
1.5694575417715724
3.196923781185626
1.3406454566262302
0.6090913252460517
2.9326619363698785
2.6748455024032958
0.6219821469443808
1.6242435339894712
3.196923781185626
1.5694575417715724
0.6123140306706341
3.0132295719844358
3.1711421377889675
0.6187594415197984
2.935884641794461
3.1711421377889675
0.6252048523689631
1.6532478828107118
3.196923781185626
1.5501213092240786
0.6123140306706341
2.6297276264591436
3.196923781185626
0.6284275577935454
1.849832913710231
0.6090913252460517
3.196923781185626
1.7789333943694208
0.6123140306706341
2.758635843442435
3.196923781185626
0.6252048523689631
1.5855710688944837
3.196923781185626
0.6284275577935454
1.5952391851682308
3.196923781185626
1.169842069123369
0.6252048523689631
3.196923781185626
2.1108720531013963
0.6155367360952162
2.7296314946211946
2.7296314946211946
0.6187594415197984
1.9594048981460288
3.196923781185626
0.8153444724193178
1.2858594644083312
3.196923781185626
1.6242435339894712
3.196923781185626
3.196923781185626
1.211737239642939
0.702549782558938
3.196923781185626
1.247186999313344
0.702549782558938
3.196923781185626
1.4276585030899518
0.6219821469443808
3.196923781185626
1.2504097047379261
0.6284275577935454
3.196923781185626
1.2085145342183565
0.702549782558938
0.6252048523689631
3.051902037079423
2.6007232776379032
0.6155367360952162
3.196923781185626
1.711256580453193
0.6219821469443808
3.196923781185626
1.3148638132295718
0.6961043717097734
3.196923781185626
1.5855710688944837
0.6155367360952162
3.196923781185626
0.8830212863355458
1.0054840924696726
3.196923781185626
0.8217898832684825
1.6596932936598765
3.196923781185626
0.6316502632181277
1.79182421606775
0.6155367360952162
1.5565667200732431
3.196923781185626
2.165658045319295
2.320347905699245
0.6123140306706341
3.042233920805676
0.6219821469443808
2.4492561226825362
3.196923781185626
0.6219821469443808
2.8875440604257263
2.7940856031128405
0.6123140306706341
3.0132295719844358
2.6297276264591436
0.6123140306706341
3.1840329594872965
2.1753261615930417
0.6123140306706341
3.196923781185626
2.0367498283360037
0.6090913252460517
3.1389150835431447
2.1624353398947123
0.6090913252460517
3.093797207598993
2.0109681849393453
0.6090913252460517
3.196923781185626
0.8346807049668116
1.4888899061570153
3.196923781185626
0.6703227283131151
1.521116960402838
3.196923781185626
0.6735454337376974
1.6725841153582053
3.196923781185626
0.6187594415197984
2.678068207827878
3.1711421377889675
0.6155367360952162
2.7296314946211946
3.1711421377889675
0.6187594415197984
2.758635843442435
3.1711421377889675
0.6155367360952162
3.196923781185626
2.291343556878004
0.6123140306706341
3.042233920805676
2.368688487067979
0.6090913252460517
0.6284275577935454
1.8530556191348135
3.196923781185626
0.6155367360952162
2.7844174868390934
2.475037766079194
3.196923781185626
3.196923781185626
3.13246967269398
0.6284275577935454
1.7757106889448386
0.702549782558938
0.702549782558938
0.6090913252460517
0.6380956740672923
2.346129549095903
3.196923781185626
3.196923781185626
1.6274662394140536
1.6242435339894712
2.5008194094758522
0.6219821469443808
3.196923781185626
2.1398764019226366
0.6123140306706341
3.196923781185626
