
 begin log for calibration v12021-02-09
2.21	1.96
2.12	1.96
2.01	1.93
2.04	1.94
1.96	1.93
2.01	1.94
1.90	1.93
2.05	1.95
2.05	1.96
2.07	1.95
2.09	1.94
1.95	1.93
1.90	1.93
2.14	1.96
2.09	1.95
1.95	1.93
1.96	1.95
2.11	1.95
2.07	1.93
1.94	1.93
1.95	1.94
2.05	1.94
2.07	1.95
2.04	1.95
2.04	1.93
2.05	1.94
2.07	1.94
1.99	1.93
2.01	1.95
2.16	1.96
2.18	1.96
2.11	1.95
2.09	1.96
2.22	1.96
2.19	1.95
2.06	1.93
2.00	1.94
2.10	1.95
2.10	1.95
2.04	1.94
2.07	1.95
2.12	1.95
2.14	1.93
2.06	1.93
1.97	1.94
2.11	1.96
2.11	1.95
2.07	1.94
2.01	1.93
2.06	1.95
2.06	1.94
1.98	1.93
1.91	1.93
2.04	1.96
2.15	1.95
2.04	1.92
1.90	1.93
1.96	1.95
2.05	1.94
2.00	1.93
1.94	1.93
2.06	1.95
2.11	1.93
1.99	1.93
1.87	1.93
1.95	1.95
2.12	1.95
2.01	1.93
2.01	1.93
2.11	1.95
2.09	1.93
1.89	1.93
1.96	1.93
1.99	1.95
2.04	1.94
2.01	1.93
1.92	1.92
1.96	1.93
1.99	1.93
1.93	1.92
1.85	1.93
2.00	1.95
2.19	1.96
2.16	1.93
2.00	1.93
2.06	1.95
2.23	1.97
2.21	1.95
2.04	1.94
2.06	1.96
2.19	1.96
2.12	1.94
2.01	1.93
1.99	1.94
2.06	1.94
2.02	1.93
1.98	1.93
2.06	1.95
2.11	1.94
1.97	1.92
2.03	1.93
2.00	1.94
2.11	1.93
2.05	1.93
1.93	1.93
1.91	1.93
2.00	1.95
2.09	1.93
1.95	1.92
1.89	1.93
1.93	1.92
1.96	1.93
1.90	1.92
1.85	1.92
1.90	1.93
1.98	1.93
1.90	1.91
1.83	1.91
1.88	1.93
1.98	1.93
1.88	1.91
1.83	1.92
1.92	1.92
1.93	1.92
1.86	1.91
1.83	1.91
1.85	1.93
1.92	1.93
1.96	1.91
1.88	1.92
1.93	1.93
2.01	1.93
1.94	1.91
1.80	1.92
1.92	1.93
2.07	1.93
1.97	1.91
1.80	1.91
1.90	1.93
2.00	1.93
1.99	1.93
1.87	1.92
1.90	1.93
1.90	1.92
1.87	1.91
1.78	1.90
1.89	1.92
1.91	1.92
1.79	1.90
1.79	1.91
1.85	1.93
1.89	1.92
1.83	1.90
1.81	1.91
1.88	1.92
1.87	1.91
1.76	1.90
1.85	1.93
1.96	1.92
1.83	1.91
1.86	1.92
1.95	1.92
1.89	1.91
1.77	1.90
1.80	1.92
1.93	1.93
2.01	1.93
1.96	1.91
1.84	1.91
1.86	1.93
1.93	1.92
1.92	1.92
1.83	1.92
1.89	1.93
1.96	1.92
1.85	1.90
1.74	1.90
1.79	1.92
1.87	1.93
1.88	1.92
1.81	1.91
1.86	1.93
1.99	1.93
2.01	1.93
1.89	1.92
2.00	1.95
2.11	1.95
2.14	1.95
2.01	1.93
2.06	1.95
2.13	1.95
2.09	1.92
1.89	1.92
1.89	1.93
2.02	1.93
1.94	1.91
1.82	1.90
1.78	1.91
1.85	1.92
1.85	1.90
1.78	1.91
1.83	1.92
1.94	1.92
1.89	1.91
1.85	1.91
1.92	1.93
2.11	1.95
2.09	1.93
1.96	1.92
2.00	1.95
2.16	1.96
2.16	1.94
2.01	1.93
2.10	1.96
2.16	1.95
2.10	1.93
1.98	1.93
2.04	1.95
2.11	1.93
2.01	1.93
1.93	1.93
1.97	1.95
2.10	1.94
2.04	1.92
1.85	1.92
1.90	1.93
2.02	1.93
2.00	1.93
2.01	1.93
2.98	2.07
2.89	2.04
2.54	1.99
2.32	1.96
1.93	1.93
1.88	1.90
0.87	1.83
0.57	1.81
0.57	1.81
0.62	1.81
0.82	1.82
2.15	1.95
2.74	2.04
2.98	2.06
2.73	2.01
2.48	1.99
1.88	1.91
1.51	1.88
0.74	1.82
0.57	1.80
0.57	1.81
0.57	1.81
0.61	1.81
1.66	1.89
2.60	2.02
3.14	2.07
3.05	2.06
2.81	2.01
2.73	2.02
2.27	1.96
1.69	1.89
0.95	1.83
0.57	1.80
0.56	1.81
0.76	1.82
0.78	1.83
0.73	1.81
0.70	1.83
2.16	1.96
3.09	2.07
3.25	2.09
3.25	2.09
3.25	2.09
3.25	2.09
3.20	2.07
2.32	1.96
1.26	1.87
0.78	1.82
0.80	1.83
0.56	1.81
0.71	1.83
0.78	1.83
1.03	1.84
2.16	1.96
3.25	2.09
3.25	2.09
3.07	2.05
2.76	2.03
2.73	2.03
2.68	2.01
2.57	1.99
2.06	1.93
1.89	1.91
1.08	1.84
0.66	1.80
0.57	1.80
0.63	1.81
0.63	1.81
0.83	1.81
1.21	1.87
2.79	2.05
3.25	2.09
3.25	2.09
2.86	2.04
2.53	2.00
2.57	2.00
2.52	1.97
1.87	1.90
1.22	1.87
0.78	1.82
0.72	1.80
0.63	1.81
0.67	1.83
0.95	1.83
1.71	1.89
2.64	2.01
3.14	2.07
3.10	2.07
2.98	2.05
2.91	2.03
2.68	2.01
2.12	1.95
1.57	1.88
0.65	1.81
0.55	1.80
0.73	1.81
0.77	1.83
0.79	1.83
1.07	1.85
2.58	2.01
3.25	2.09
3.25	2.09
3.20	2.09
2.95	2.05
2.77	2.02
2.66	2.01
2.29	1.96
1.62	1.88
0.89	1.83
0.66	1.81
0.67	1.80
0.72	1.83
0.94	1.83
0.96	1.83
1.40	1.87
2.32	1.98
3.09	2.07
3.07	2.05
2.78	2.01
2.57	2.01
2.00	1.93
1.57	1.87
0.90	1.83
0.63	1.81
0.88	1.83
1.17	1.85
1.17	1.85
1.19	1.85
1.29	1.86
1.65	1.90
2.42	1.97
2.21	1.96
2.21	1.95
2.31	1.98
2.32	1.96
2.22	1.95
1.98	1.92
2.04	1.93
2.19	1.95
2.42	1.96
2.55	2.00
2.45	1.99
2.27	1.96
1.93	1.91
1.73	1.89
1.37	1.87
0.81	1.83
0.73	1.81
0.55	1.80
0.66	1.81
0.95	1.84
0.99	1.83
1.05	1.83
1.05	1.85
1.39	1.86
1.51	1.87
2.00	1.93
3.12	2.07
3.25	2.09
3.25	2.09
3.25	2.09
3.05	2.05
2.63	2.01
1.91	1.90
1.60	1.88
0.93	1.83
0.80	1.83
0.88	1.83
1.06	1.83
0.86	1.83
1.02	1.84
1.26	1.85
2.14	1.93
3.20	2.09
3.25	2.09
3.25	2.09
3.01	2.05
2.73	2.02
2.69	2.03
2.48	1.98
2.29	1.96
1.62	1.88
1.05	1.85
0.98	1.84
1.11	1.83
1.21	1.85
0.93	1.83
1.09	1.84
1.26	1.85
1.20	1.85
2.22	1.96
3.25	2.09
3.25	2.09
3.22	2.07
3.07	2.06
3.07	2.07
3.06	2.06
2.94	2.03
2.86	2.02
2.78	2.03
2.84	2.04
2.81	2.01
1.96	1.91
1.50	1.87
0.81	1.83
0.63	1.81
0.59	1.80
0.70	1.81
0.88	1.83
0.98	1.83
1.03	1.83
1.05	1.83
1.16	1.85
1.29	1.85
1.57	1.87
2.53	2.00
2.64	2.01
2.52	1.99
2.54	1.98
2.91	2.05
2.64	2.01
3.05	2.06