

 begin log for calibration v12021-02-09
1.60	1.88
1.59	1.87
1.57	1.87
1.54	1.86
1.46	1.86
1.44	1.86
1.47	1.87
1.54	1.88
1.64	1.89
1.72	1.89
1.66	1.88
1.53	1.87
1.59	1.89
1.73	1.89
1.73	1.89
1.61	1.88
1.60	1.89
1.76	1.90
1.80	1.89
1.65	1.88
1.64	1.89
1.76	1.90
1.77	1.89
1.63	1.89
1.74	1.90
1.88	1.90
1.81	1.89
1.70	1.89
1.76	1.90
1.88	1.90
1.80	1.89
1.64	1.89
1.73	1.90
1.85	1.90
1.79	1.89
1.68	1.88
1.71	1.90
1.83	1.91
1.79	1.89
1.67	1.88
1.67	1.89
1.78	1.90
1.75	1.89
1.64	1.88
1.66	1.89
1.72	1.90
1.72	1.88
1.61	1.88
1.59	1.89
1.64	1.89
1.73	1.88
1.64	1.87
1.53	1.88
1.73	1.89
1.64	1.88
1.51	1.87
1.60	1.89
1.71	1.89
1.66	1.88
1.51	1.87
1.57	1.89
1.73	1.89
1.67	1.88
1.55	1.87
1.61	1.89
1.75	1.89
1.72	1.88
1.59	1.88
1.64	1.89
1.77	1.89
1.72	1.88
1.58	1.88
1.60	1.89
1.74	1.89
1.71	1.88
1.56	1.88
1.60	1.89
1.73	1.89
1.70	1.88
1.59	1.88
1.59	1.88
1.73	1.89
1.73	1.88
1.61	1.88
1.63	1.89
1.75	1.90
1.77	1.89
1.64	1.88
1.62	1.89
1.74	1.90
1.80	1.89
1.64	1.88
1.63	1.89
1.75	1.90
1.79	1.89
1.73	1.88
1.65	1.89
1.76	1.90
1.86	1.90
1.78	1.89
1.68	1.89
1.74	1.90
1.89	1.90
1.71	1.88
1.69	1.90
1.86	1.91
1.84	1.89
1.73	1.88
1.65	1.89
1.80	1.91
1.87	1.90
1.75	1.89
1.67	1.89
1.81	1.91
1.89	1.90
1.81	1.89
1.73	1.89
1.80	1.91
1.94	1.91
1.89	1.90
1.76	1.89
1.80	1.91
1.93	1.91
1.88	1.89
1.75	1.89
1.80	1.91
1.90	1.91
1.89	1.90
1.77	1.89
1.77	1.90
1.90	1.91
1.92	1.90
1.79	1.89
1.78	1.90
1.89	1.92
1.91	1.90
1.80	1.89
1.76	1.90
1.84	1.92
1.95	1.91
1.81	1.89
1.74	1.90
1.84	1.92
1.95	1.91
1.85	1.89
1.70	1.89
1.82	1.91
1.94	1.91
1.88	1.90
1.77	1.90
1.77	1.90
1.89	1.91
1.89	1.90
1.78	1.89
1.72	1.90
1.85	1.91
1.89	1.90
1.73	1.89
1.70	1.90
1.83	1.91
1.85	1.90
1.72	1.89
1.70	1.89
1.80	1.91
1.86	1.90
1.79	1.89
1.67	1.89
1.76	1.90
1.86	1.90
1.80	1.89
1.66	1.89
1.72	1.90
1.86	1.90
1.80	1.89
1.68	1.89
1.75	1.90
1.87	1.91
1.82	1.89
1.70	1.89
1.73	1.90
1.86	1.91
1.82	1.89
1.67	1.88
1.71	1.90
1.83	1.90
1.79	1.89
1.65	1.88
1.70	1.89
1.81	1.90
1.82	1.89
1.70	1.89
1.66	1.89
1.71	1.90
1.85	1.90
1.79	1.89
1.65	1.89
1.71	1.90
1.85	1.90
1.81	1.89
1.71	1.89
1.72	1.90
1.84	1.91
1.85	1.90
1.71	1.89
1.70	1.90
1.87	1.91
1.89	1.90
1.74	1.89
1.72	1.90
1.83	1.91
1.90	1.90
1.77	1.89
1.69	1.90
1.84	1.91
2.82	2.01
3.02	2.02
2.62	1.99
2.51	1.99
3.20	2.05
3.20	2.05
3.20	2.05
3.20	2.05
1.53	1.96
0.64	1.87
0.11	1.85
0.11	1.84
0.27	1.84
0.88	1.85
0.28	1.83
0.11	1.82
0.18	1.82
0.40	1.82
1.92	1.95
3.20	2.06
3.20	2.05
3.20	2.05
3.20	2.05
3.20	2.05
3.20	2.05
3.20	2.04
2.62	1.98
0.83	1.80
0.11	1.72
0.11	1.71
0.11	1.72
0.11	1.72
0.11	1.72
0.11	1.71
0.80	1.80
1.96	1.94
2.33	1.97
2.20	1.94
2.02	1.92
1.94	1.92
2.01	1.93
2.00	1.92
1.77	1.89
0.94	1.81
0.32	1.75
0.11	1.71
0.11	1.71
0.11	1.72
0.11	1.72
0.12	1.72
0.19	1.72
0.20	1.73
0.33	1.75
1.49	1.87
3.04	2.03
3.20	2.05
3.20	2.05
3.20	2.05
3.20	2.05
3.20	2.05
3.20	2.05
2.63	1.98
1.35	1.83
0.30	1.74
0.21	1.74
0.29	1.73
0.24	1.73
0.18	1.73
0.16	1.73
0.29	1.73
0.30	1.73
0.89	1.81
2.21	1.96
3.00	2.04
3.20	2.05
3.20	2.05
3.20	2.05
3.20	2.05
3.20	2.05
3.20	2.05
3.06	2.03
1.32	1.85
0.28	1.73
0.11	1.71
0.11	1.72
0.11	1.72
0.11	1.71
0.11	1.71
0.11	1.72
0.11	1.72
0.38	1.75
1.77	1.90
3.20	2.05
3.20	2.05
3.20	2.05
3.20	2.04
3.01	2.02
2.84	2.01
2.89	2.02
2.77	2.00
2.19	1.93
1.28	1.84
0.11	1.71
0.11	1.71
0.11	1.71
0.11	1.72
0.11	1.72
0.11	1.71
0.11	1.71
0.11	1.72
0.11	1.72
0.11	1.71
1.21	1.83
2.14	1.95
2.43	1.98
2.45	1.97
2.64	1.98
3.20	2.05
3.20	2.05
3.08	2.03
1.59	1.87
0.54	2.38
0.11	1.85
0.11	1.84
0.11	1.84
0.11	1.84
0.11	1.83
1.05	2.12
2.85	2.02
3.01	2.03
2.89	2.03
2.77	2.00
2.43	1.96
2.13	1.94
1.79	1.91
0.94	1.80
0.11	1.71
0.11	1.72
0.11	1.72
0.11	1.72
0.11	1.71
0.89	1.81
2.96	2.05
3.20	2.05
3.20	2.05
3.20	2.05
3.08	2.04
1.60	1.88
0.55	1.75
0.11	1.72
0.11	1.72
0.24	1.74
0.31	1.73
0.57	1.77
1.66	1.90
3.20	2.05
3.05	2.02
2.97	2.02
2.92	2.03
3.06	2.04
3.09	2.02
2.57	1.97
1.17	1.83
0.15	1.73
0.11	1.71
0.11	1.71
0.11	1.72
0.11	1.72
0.23	1.73
0.21	1.72
0.48	1.77
1.70	1.90
3.20	2.05
3.20	2.05
3.20	2.05
3.20	2.05
3.20	2.05
2.97	2.00
0.73	1.78
0.11	1.72
0.11	1.72
0.11	1.71
0.11	1.72
0.11	1.73
0.29	1.74
0.37	1.74
1.43	1.86
1.96	1.93
1.81	1.91
1.94	1.90
1.77	1.91
1.85	1.90
1.75	1.88
1.51	1.87
1.60	1.88
1.64	1.89
1.65	1.88
1.51	1.86
1.34	1.86
1.41	1.87
1.35	1.84