2021-04-16_14:15:22.202331

 begin log for calibration v1tylercali12.0754222934309907
2.703849851224536
2.8875440604257263
1.6854749370565345
2.8134218356603338
2.1882169832913707
2.085090409704738
2.881098649576562
2.030304417486839
2.6812909132524605
2.8424261844815746
2.3848020141908903
3.2968276493476765
2.452478828107118
2.4073609521629664
3.2968276493476765
2.555605401693751
2.5104875257495993
3.2968276493476765
2.603945983062485
2.507264820325017
3.2968276493476765
2.4041382467383836
2.6265049210345617
3.2968276493476765
2.1688807507438774
2.3493522545204852
3.209814602883955
2.1624353398947123
2.291343556878004
3.1518059052414737
1.8401647974364843
2.1882169832913707
3.06157015335317
2.2752300297550923
1.9368459601739527
2.9971160448615244
2.7650812542915997
1.7757106889448386
2.555605401693751
2.9681116960402836
2.0045227740901805
1.6822522316319524
2.8134218356603338
2.597500572213321
1.643579766536965
2.371911192492561
2.484705882352941
1.8981734950789653
1.3051956969558252
2.165658045319295
2.4782604715037766
1.4921126115815975
1.6306889448386357
3.2517097734035247
3.2710460059510185
2.317125200274662
2.2301121538109405
3.06157015335317
3.0809063859006636
2.6007232776379032
2.2301121538109405
1.9271778439002059
2.471815060654612
1.827273975738155
1.1601739528496224
1.3309773403524832
2.291343556878004
2.5137102311741817
1.7821560997940031
1.372872510872053
1.872391851682307
2.7328542000457765
2.346129549095903
1.6596932936598765
1.6661387045090408
2.08831311512932
2.7425223163195236
2.7650812542915997
2.033527122911421
2.6941817349507895
1.6919203479056992
2.8649851224536507
3.2420416571297777
2.9777798123140307
2.8327580682078275
3.042233920805676
3.2968276493476765
3.2968276493476765
2.529823758297093
1.7241474021515222
2.645841153582055
2.922993820096132
2.8359807736324103
2.893989471274891
2.1269855802243076
2.210775921263447
2.7715266651407644
3.093797207598993
3.2968276493476765
3.2227054245822844
2.3944701304646374
1.9722957198443578
2.2365575646601052
2.5040421149004346
3.2968276493476765
3.2968276493476765
2.4202517738612954
1.9239551384756237
1.5468986037994965
1.1472831311512932
1.1215014877546348
1.3632043945983061
1.5404531929503318
1.9690730144197757
2.6103913939116503
2.8649851224536507
3.1260242618448157
3.277491416800183
3.277491416800183
2.8520943007553217
2.7296314946211946
2.3654657816433966
2.42669718471046
2.475037766079194
3.2968276493476765
2.719963378347448
2.3944701304646374
3.2517097734035247
3.0132295719844358
2.971334401464866
3.084129091325246
3.1711421377889675
3.2484870679789424
3.258155184252689
3.219482719157702
3.093797207598993
3.087351796749828
2.6265049210345617
2.5233783474479283
2.436365300984207
2.371911192492561
2.2494483863584347
1.9465140764476996
1.859501029983978
1.9110643167772945
1.7015884641794459
1.3889860379949646
1.517894254978256
1.6113527122911422
1.5565667200732431
1.4437720302128632
1.6371343556878002
1.7757106889448386
1.56623483634699
1.405099565117876
1.6210208285648888
1.6081300068665596
1.5050034332799267
1.598461890592813
1.6242435339894712
1.5468986037994965
1.714479285877775
1.8852826733806363
1.8079377431906614
1.7757106889448386
1.6983657587548637
1.746706340123598
1.8756145571068894
2.001300068665598
1.9207324330510414
1.8401647974364843
2.085090409704738
2.4460334172579534
3.0035614557106887
1.827273975738155
1.7757106889448386
1.8852826733806363
2.0141908903639276
2.0593087663080794
2.0270817120622566
2.1237628747997253
2.0496406500343327
2.0464179446097504
1.9980773632410163
2.1173174639505605
2.381579308766308
2.3300160219729915
2.417029068436713
2.1173174639505605
3.1937010757610436
2.1688807507438774
2.5781643396658276
2.4202517738612954
2.4653696498054476
2.359020370794232
2.1688807507438774
2.1946623941405354
3.2968276493476765
3.074460975051499
2.8359807736324103
2.7296314946211946
2.471815060654612
2.3300160219729915
2.3074570840009154
2.462146944380865
2.587832455939574
2.777972075989929
3.167919432364385
3.2936049439230946
3.1937010757610436
3.1904783703364616
3.0454566262302585
2.7973083085374224
2.381579308766308
2.2236667429617762
2.052863355458915
2.143099107347219
2.339684138246738
2.6297276264591436
3.032565804531929
3.2968276493476765
3.2968276493476765
3.2968276493476765
3.177587548638132
2.4041382467383836
2.1173174639505605
2.039972533760586
2.359020370794232
2.9874479285877773
3.2968276493476765
3.1808102540627146
2.8069764248111695
2.1817715724422064
1.985186541542687
2.152767223620966
3.1614740215152204
3.2968276493476765
3.087351796749828
2.2430029755092695
2.072199588006409
2.268784618905928
2.7425223163195236
2.816644541084916
2.4138063630121307
2.655509269855802
2.5394918745708397
2.6909590295262076
3.0390112153810938
3.2968276493476765
3.2968276493476765
2.4911512932021056
2.233334859235523
2.4331425955596244
2.868207827878233
2.871430533302815
2.5201556420233464
1.6725841153582053
1.5468986037994965
2.1592126344701303
2.5491599908445868
2.4975967040512703
1.6468024719615473
1.5694575417715724
2.439588006408789
2.6941817349507895
1.8788372625314715
1.6306889448386357
2.3848020141908903
2.594277866788739
2.204330510414282
1.5501213092240786
2.5137102311741817
2.7135179674982832
1.8917280842298008
1.746706340123598
2.603945983062485
2.462146944380865
1.711256580453193
1.7789333943694208
2.703849851224536
2.6393957427328907
1.5050034332799267
2.184994277866789
2.745745021744106
2.0689768825818264
1.3148638132295718
2.065754177157244
2.1914396887159535
1.2858594644083312
1.836942092011902
2.178548867017624
1.4018768596932936
2.0238590066376747
2.410583657587549
1.56623483634699
1.8143831540398259
2.565273517967498
1.56623483634699
2.101203936827649
2.6265049210345617
1.6242435339894712
2.291343556878004
2.507264820325017
1.656470588235294
2.381579308766308
2.452478828107118
1.7015884641794459
2.645841153582055
2.1269855802243076
1.737038223849851
2.6393957427328907
1.9916319523918515
2.8875440604257263
1.9755184252689402
2.507264820325017
2.7425223163195236
2.0206363012130923
2.939107347219043
1.9529594872968643
2.9874479285877773
2.1592126344701303
2.7844174868390934
1.962627603570611
2.993893339436942
1.9690730144197757
2.6748455024032958
2.165658045319295
2.829535362783245
1.8304966811627372
2.8875440604257263
1.7434836346990157
2.7296314946211946
2.152767223620966
2.197885099565118
2.719963378347448
1.8433875028610665
2.6909590295262076
1.7015884641794459
2.8778759441519797
1.7273701075761043
2.7618585488670173
1.9465140764476996
2.587832455939574
2.417029068436713
2.101203936827649
2.7006271457999538
1.8627237354085602
1.9110643167772945
2.858539711604486
1.714479285877775
2.7328542000457765
1.7950469214923324
2.7876401922636758
2.803753719386587
2.2816754406042574
1.7821560997940031
2.678068207827878
2.410583657587549
1.8949507896543831
2.4879285877775232
1.8433875028610665
2.5266010528725107
1.9142870222018766
2.5813870450904095
1.8530556191348135
2.5717189288166624
1.7273701075761043
2.719963378347448
1.6983657587548637
2.710295262073701
1.643579766536965
2.839203479056992
1.8659464408331423
1.8917280842298008
2.246225680933852
1.4985580224307622
2.320347905699245
1.2665232318608375
2.475037766079194
1.4179903868162052
2.4428107118333715
1.6113527122911422
2.220444037537194
2.1237628747997253
1.6854749370565345
2.5813870450904095
1.6532478828107118
2.5684962233920805
1.8530556191348135
1.9175097276264592
2.4557015335317005
1.588793774319066
2.6007232776379032
1.7402609292744335
2.655509269855802
2.246225680933852
0.5124101625085832
1.5565667200732431
0.6413183794918745
1.1118333714808881
1.7821560997940031
0.941029983978027
1.6725841153582053
1.9078416113527121
1.1827328908216983
2.033527122911421
1.3503135728999769
1.3116411078049897
1.9561821927214464
1.1376150148775461
1.656470588235294
1.869169146257725
1.3922087434195467
2.0238590066376747
2.565273517967498
2.1914396887159535
2.6909590295262076
3.28715953307393
2.7006271457999538
2.942330052643625
3.2968276493476765
3.0905745021744107
2.6845136186770424
3.0390112153810938
2.7940856031128405
2.204330510414282
2.462146944380865
2.475037766079194
2.381579308766308
2.417029068436713
3.2968276493476765
2.552382696269169
1.8304966811627372
1.8304966811627372
2.204330510414282
1.598461890592813
1.2858594644083312
1.6983657587548637
1.7628198672465094
1.1440604257267109
1.0602700846875717
1.6500251773861294
1.598461890592813
1.6081300068665596
1.7499290455481802
1.6983657587548637
0.5253009842069123
0.6574319066147859
1.2310734721904324
1.1859555962462804
1.5759029526207369
1.6758068207827879
1.4018768596932936
1.7241474021515222
2.3429068436713205
2.423474479285878
2.0206363012130923
2.255893797207599
2.565273517967498
3.2968276493476765
3.097019913023575
2.475037766079194
2.3944701304646374
2.5137102311741817
2.574941634241245
2.2172213321126115
2.1688807507438774
2.268784618905928
1.5243396658274204
2.062531471732662
1.7531517509727625
1.3180865186541542
1.9690730144197757
1.3406454566262302
1.3632043945983061
1.7305928130006865
1.1666193636987867
1.3084184023804073
1.6468024719615473
1.1472831311512932
1.6983657587548637
1.2665232318608375
1.2987502861066604
1.7402609292744335
1.2342961776150148
1.746706340123598
0.30615701533531703
0.041895170519569695
0.0386724650949874
0.041895170519569695
0.0386724650949874
0.0386724650949874
0.041895170519569695
0.08379034103913939
0.1417990386816205
3.2968276493476765
3.2968276493476765
3.2968276493476765
3.2968276493476765
3.2968276493476765
3.2968276493476765
3.0809063859006636
3.2968276493476765
2.7296314946211946
2.935884641794461
2.3944701304646374
2.0560860608834974
2.475037766079194
2.7296314946211946
3.2484870679789424
2.7844174868390934
2.861762417029068
3.2968276493476765
2.678068207827878
2.471815060654612
2.5233783474479283
1.8530556191348135
2.655509269855802
1.598461890592813
3.2968276493476765
2.291343556878004
1.6468024719615473
1.4921126115815975
1.0280430304417487
1.7499290455481802
1.0054840924696726
1.3503135728999769
0.8475715266651408
1.5694575417715724
1.4179903868162052
0.7444449530785077
1.053824673838407
1.1086106660563058
1.2600778210116732
1.3438681620508124
1.1859555962462804
1.3148638132295718
0.8862439917601281
1.7499290455481802
0.9893705653467612
1.6983657587548637
1.211737239642939
1.1859555962462804
1.4921126115815975
1.3148638132295718
2.085090409704738
1.2633005264362553
1.962627603570611
1.15695124742504
1.9561821927214464
1.5050034332799267
2.317125200274662
1.8530556191348135
1.1859555962462804
2.085090409704738
1.4018768596932936
1.9690730144197757
2.317125200274662
3.2968276493476765
3.2968276493476765
2.410583657587549
1.8047150377660792
3.1163561455710687
2.1624353398947123
3.2968276493476765
2.668400091554131
2.6007232776379032
3.093797207598993
2.072199588006409
3.2968276493476765
2.4492561226825362
3.196923781185626
2.381579308766308
2.565273517967498
2.423474479285878
0.8862439917601281
1.3922087434195467
1.4921126115815975
1.90461890592813
1.5468986037994965
3.2968276493476765
3.2968276493476765
2.8875440604257263
1.598461890592813
1.9594048981460288
2.1108720531013963
1.8530556191348135
2.668400091554131
1.3922087434195467
2.552382696269169
1.6371343556878002
2.655509269855802
1.8530556191348135
2.291343556878004
2.4975967040512703
1.6500251773861294
2.291343556878004
1.2858594644083312
2.371911192492561
1.5855710688944837
3.2968276493476765
3.2968276493476765
2.033527122911421
2.4975967040512703
1.849832913710231
1.711256580453193
0.9055802243076219
2.0367498283360037
1.8788372625314715
2.552382696269169
1.8304966811627372
2.085090409704738
2.0109681849393453
1.6468024719615473
2.320347905699245
1.6725841153582053
2.7844174868390934
1.6468024719615473
2.4492561226825362
1.5952391851682308
2.7296314946211946
2.1688807507438774
3.2968276493476765
3.0680155642023346
3.2968276493476765
3.2968276493476765
2.9874479285877773
3.2968276493476765
2.4975967040512703
3.1163561455710687
2.484705882352941
2.8359807736324103
2.6297276264591436
3.2968276493476765
3.093797207598993
2.475037766079194
3.2968276493476765
2.9777798123140307
3.2968276493476765
2.9487754634927903
2.462146944380865
1.6951430533302816
1.9884092469672694
1.9594048981460288
1.6468024719615473
3.2968276493476765
1.67902952620737
2.1624353398947123
1.2600778210116732
2.1753261615930417
1.1633966582742046
2.114094758525978
0.8604623483634698
2.107649347676814
1.04415655756466
1.5855710688944837
0.40283817807278555
0.8797985809109636
0.09023575188830395
1.247186999313344
0.4060608834973678
0.895912108033875
0.6703227283131151
0.6123140306706341
0.9152483405813686
0.5543053330281529
1.1859555962462804
0.12890821698329138
0.9925932707713435
0.2964888990615701
1.1827328908216983
0.5929777981231402
1.430881208514534
0.9635889219501029
1.3438681620508124
1.3342000457770655
0.9990386816205081
1.601684596017395
0.8540169375143053
1.6081300068665596
0.679990844586862
0.9893705653467612
1.1827328908216983
0.589755092698558
1.4824444953078508
0.8894666971847104
1.1730647745479514
1.5404531929503318
1.4469947356374455
2.1753261615930417
1.6371343556878002
1.8788372625314715
1.3793179217212175
0.9668116273746853
1.7628198672465094
1.0957198443579768
1.4792217898832682
1.6951430533302816
1.6886976424811169
1.3922087434195467
1.9980773632410163
1.237518883039597
2.101203936827649
1.3889860379949646
2.0593087663080794
1.8047150377660792
1.5920164797436482
2.31390249485008
1.5694575417715724
2.320347905699245
1.8047150377660792
2.0077454795147633
2.3300160219729915
1.8047150377660792
1.6371343556878002
1.6886976424811169
1.7531517509727625
2.4492561226825362
1.6951430533302816
2.381579308766308
2.0367498283360037
1.7015884641794459
2.5137102311741817
1.8304966811627372
1.7724879835202563
1.711256580453193
1.7273701075761043
1.7499290455481802
2.4492561226825362
2.165658045319295
1.90461890592813
2.101203936827649
2.3429068436713205
1.7273701075761043
2.552382696269169
2.5008194094758522
2.423474479285878
2.1624353398947123
2.220444037537194
2.085090409704738
1.6081300068665596
1.6468024719615473
1.6983657587548637
2.381579308766308
2.210775921263447
1.746706340123598
1.6596932936598765
1.7402609292744335
1.8949507896543831
1.8079377431906614
