2021-04-14_15:41:40.275259

 begin log for calibration v1VoltsVis0.0
3.2742687113756004
2.268784618905928
2.0560860608834974
2.0367498283360037
1.8788372625314715
1.7499290455481802
1.8530556191348135
1.7531517509727625
1.8659464408331423
2.0045227740901805
1.981963836118105
1.8143831540398259
1.90461890592813
1.9690730144197757
1.90461890592813
1.8530556191348135
2.033527122911421
2.0077454795147633
1.7982696269169145
1.9594048981460288
2.0593087663080794
1.9013962005035476
1.9271778439002059
2.0109681849393453
1.981963836118105
3.0132295719844358
2.5233783474479283
1.9561821927214464
1.7048111696040282
1.5243396658274204
1.9271778439002059
1.6177981231403067
1.882059967956054
1.6983657587548637
1.7273701075761043
1.6983657587548637
1.7241474021515222
1.8047150377660792
1.90461890592813
1.9465140764476996
1.8304966811627372
2.033527122911421
1.9690730144197757
1.9980773632410163
2.1398764019226366
2.703849851224536
3.2742687113756004
1.5404531929503318
0.5156328679331655
0.7766720073243305
0.4350652323186084
0.8217898832684825
0.6767681391622797
0.6864362554360265
0.7412222476539254
0.7089951934081026
0.8056763561455711
0.7122178988326848
0.8475715266651408
1.053824673838407
0.9313618677042801
1.057047379262989
2.0367498283360037
1.6371343556878002
1.598461890592813
1.3503135728999769
1.6242435339894712
1.3889860379949646
1.3857633325703822
1.9594048981460288
1.9175097276264592
1.9980773632410163
1.8143831540398259
0.9378072785534447
0.8475715266651408
0.8701304646372168
0.9925932707713435
1.2600778210116732
1.134392309452964
1.517894254978256
1.6274662394140536
1.543675898374914
1.521116960402838
1.543675898374914
1.598461890592813
1.6983657587548637
1.7273701075761043
1.6242435339894712
1.7273701075761043
1.756374456397345
1.8047150377660792
1.711256580453193
1.7628198672465094
1.9980773632410163
1.9110643167772945
2.265561913481346
2.1592126344701303
1.981963836118105
1.9980773632410163
2.0109681849393453
2.226889448386358
2.1108720531013963
2.2172213321126115
2.226889448386358
2.1624353398947123
2.2172213321126115
2.072199588006409
2.317125200274662
2.278452735179675
2.317125200274662
2.152767223620966
2.085090409704738
2.1237628747997253
2.1366536964980547
1.9594048981460288
2.0045227740901805
1.9336232547493706
2.085090409704738
2.204330510414282
2.165658045319295
2.0367498283360037
2.2430029755092695
2.1753261615930417
2.2172213321126115
2.1108720531013963
2.2430029755092695
2.213998626688029
2.0496406500343327
2.1108720531013963
1.9529594872968643
2.0077454795147633
2.0109681849393453
1.9980773632410163
2.0109681849393453
1.9013962005035476
2.085090409704738
1.8562783245593957
2.0109681849393453
1.8530556191348135
2.0593087663080794
1.981963836118105
2.1398764019226366
1.930400549324788
2.1366536964980547
2.0593087663080794
1.8659464408331423
1.981963836118105
1.9561821927214464
1.9336232547493706
1.8788372625314715
2.0560860608834974
1.9690730144197757
1.9980773632410163
1.9561821927214464
2.114094758525978
2.0109681849393453
2.107649347676814
2.1624353398947123
2.033527122911421
2.0496406500343327
2.1398764019226366
2.107649347676814
2.1624353398947123
2.0496406500343327
2.0109681849393453
1.930400549324788
1.9465140764476996
1.9465140764476996
1.90461890592813
1.930400549324788
1.9594048981460288
1.981963836118105
1.8788372625314715
1.9336232547493706
2.0045227740901805
1.985186541542687
1.981963836118105
1.9465140764476996
1.985186541542687
1.9594048981460288
1.962627603570611
1.849832913710231
1.8047150377660792
1.8047150377660792
1.8433875028610665
1.8530556191348135
1.8949507896543831
1.9690730144197757
1.9336232547493706
2.0109681849393453
1.9690730144197757
2.1108720531013963
1.985186541542687
2.2172213321126115
2.101203936827649
2.1108720531013963
2.0367498283360037
2.1688807507438774
2.0496406500343327
2.1882169832913707
2.072199588006409
1.981963836118105
2.213998626688029
1.9690730144197757
1.9336232547493706
2.1882169832913707
3.2742687113756004
2.565273517967498
2.1914396887159535
1.9078416113527121
1.79182421606775
1.7531517509727625
1.6242435339894712
1.598461890592813
1.8047150377660792
1.8304966811627372
1.7789333943694208
1.6983657587548637
1.6983657587548637
1.6725841153582053
1.8304966811627372
1.8530556191348135
1.8659464408331423
1.6983657587548637
1.930400549324788
1.8304966811627372
1.90461890592813
2.1624353398947123
2.2172213321126115
2.107649347676814
2.1108720531013963
2.1753261615930417
2.3074570840009154
2.226889448386358
2.213998626688029
2.1624353398947123
2.1882169832913707
2.1688807507438774
2.1882169832913707
2.1398764019226366
2.107649347676814
1.985186541542687
2.213998626688029
1.9594048981460288
1.9594048981460288
1.8047150377660792
1.849832913710231
1.8949507896543831
1.7209246967269396
1.6596932936598765
1.7209246967269396
1.7015884641794459
1.7048111696040282
1.6596932936598765
1.6242435339894712
1.7273701075761043
1.5759029526207369
1.601684596017395
1.6886976424811169
1.6081300068665596
1.598461890592813
1.521116960402838
1.7402609292744335
1.6468024719615473
1.598461890592813
1.7273701075761043
1.7757106889448386
1.6725841153582053
1.6210208285648888
1.8143831540398259
1.79182421606775
1.8530556191348135
1.7499290455481802
1.8047150377660792
1.6725841153582053
1.8949507896543831
1.6725841153582053
1.79182421606775
1.756374456397345
1.6500251773861294
1.711256580453193
1.7499290455481802
1.8304966811627372
2.1108720531013963
2.8069764248111695
2.346129549095903
1.985186541542687
1.7305928130006865
1.7015884641794459
1.8047150377660792
1.6242435339894712
1.5243396658274204
1.643579766536965
1.6242435339894712
1.6951430533302816
1.7757106889448386
1.79182421606775
1.8143831540398259
1.6983657587548637
1.849832913710231
1.8659464408331423
1.8143831540398259
1.9336232547493706
2.1753261615930417
2.152767223620966
2.317125200274662
2.2430029755092695
2.101203936827649
2.1398764019226366
2.417029068436713
2.226889448386358
2.0367498283360037
2.0593087663080794
2.0109681849393453
2.2172213321126115
2.1914396887159535
1.9175097276264592
1.8530556191348135
1.9594048981460288
1.8304966811627372
1.8788372625314715
1.8949507896543831
1.7273701075761043
1.8079377431906614
1.8143831540398259
1.6468024719615473
1.7628198672465094
1.7628198672465094
1.859501029983978
1.7048111696040282
1.6500251773861294
1.5726802471961545
1.6500251773861294
1.8143831540398259
1.598461890592813
1.5565667200732431
1.6596932936598765
1.598461890592813
1.7402609292744335
1.5726802471961545
1.7821560997940031
1.5468986037994965
1.6371343556878002
1.5759029526207369
1.8047150377660792
1.5694575417715724
1.7499290455481802
1.67902952620737
1.8079377431906614
1.7402609292744335
1.6468024719615473
1.79182421606775
1.7628198672465094
1.6596932936598765
1.8047150377660792
1.9594048981460288
1.7789333943694208
1.9465140764476996
1.8047150377660792
1.6596932936598765
1.6983657587548637
1.981963836118105
1.8143831540398259
1.7402609292744335
1.882059967956054
1.8143831540398259
2.0367498283360037
1.8079377431906614
1.7628198672465094
1.9594048981460288
2.085090409704738
1.8304966811627372
1.90461890592813
1.962627603570611
1.8047150377660792
1.8304966811627372
1.9690730144197757
1.859501029983978
2.0109681849393453
1.9594048981460288
1.756374456397345
1.6951430533302816
1.8304966811627372
1.9594048981460288
1.7273701075761043
1.8788372625314715
1.8304966811627372
1.985186541542687
1.7757106889448386
1.962627603570611
1.8788372625314715
1.8756145571068894
1.8047150377660792
1.930400549324788
2.0206363012130923
1.7628198672465094
2.0045227740901805
1.8949507896543831
2.0109681849393453
1.9980773632410163
1.8788372625314715
1.9690730144197757
1.9336232547493706
2.0593087663080794
1.8949507896543831
2.0593087663080794
2.072199588006409
1.8337193865873196
1.985186541542687
2.0045227740901805
2.0109681849393453
1.9336232547493706
1.985186541542687
1.981963836118105
1.90461890592813
2.1173174639505605
1.8530556191348135
2.0206363012130923
1.981963836118105
1.9013962005035476
1.9175097276264592
2.033527122911421
1.7757106889448386
1.9594048981460288
1.827273975738155
2.0109681849393453
1.7821560997940031
1.8949507896543831
1.8949507896543831
1.9336232547493706
2.0077454795147633
2.165658045319295
2.0077454795147633
2.0109681849393453
1.90461890592813
2.107649347676814
1.8433875028610665
2.1108720531013963
1.930400549324788
1.8659464408331423
1.9690730144197757
1.8788372625314715
1.9690730144197757
1.7757106889448386
1.8304966811627372
1.8304966811627372
1.79182421606775
1.7015884641794459
1.8530556191348135
1.9175097276264592
1.8530556191348135
1.90461890592813
1.8047150377660792
1.8304966811627372
1.8143831540398259
1.90461890592813
1.8659464408331423
1.7305928130006865
1.7499290455481802
1.8788372625314715
1.7499290455481802
1.6886976424811169
1.859501029983978
1.8530556191348135
1.7402609292744335
1.7015884641794459
1.8143831540398259
1.9594048981460288
2.0206363012130923
1.9336232547493706
2.0593087663080794
2.1882169832913707
2.278452735179675
2.346129549095903
2.5362691691462578
2.552382696269169
2.7296314946211946
2.7328542000457765
2.6297276264591436
2.7844174868390934
2.6845136186770424
2.655509269855802
2.587832455939574
3.0680155642023346
2.552382696269169
2.4202517738612954
2.5362691691462578
2.4782604715037766
2.3300160219729915
2.278452735179675
2.2172213321126115
2.291343556878004
2.085090409704738
1.9078416113527121
1.827273975738155
1.8530556191348135
1.6983657587548637
1.827273975738155
1.9465140764476996
1.8304966811627372
1.6983657587548637
1.6177981231403067
1.6596932936598765
1.5726802471961545
1.598461890592813
1.5404531929503318
