

 begin log for calibration v12021-02-173.1518059052414737
0.2997116044861524
0.261039139391165
2.3364614328221562
3.106688029297322
1.4566628519111924
0.261039139391165
3.1292469672693977
2.703849851224536
0.32227054245822845
3.1518059052414737
2.642618448157473
0.261039139391165
0.261039139391165
3.1518059052414737
0.261039139391165
2.3654657816433966
3.1518059052414737
3.1228015564202334
2.7392996108949417
0.6413183794918745
0.261039139391165
0.9861478599221789
3.148583199816892
2.935884641794461
0.2997116044861524
0.261039139391165
1.2407415884641795
3.145360494392309
0.261039139391165
0.25781643396658277
0.261039139391165
0.6864362554360265
0.5188555733577477
2.033527122911421
3.148583199816892
2.9101029983978024
2.3622430762188142
3.148583199816892
3.148583199816892
3.1518059052414737
