

 begin log for calibration v12021-03-030.2223666742961776
2.265561913481346
2.1882169832913707
0.2223666742961776
3.219482719157702
0.2223666742961776
3.219482719157702
0.2223666742961776
3.219482719157702
0.2255893797207599
2.935884641794461
0.7444449530785077
2.6007232776379032
0.9055802243076219
2.0496406500343327
1.5694575417715724
1.521116960402838
2.268784618905928
0.6509864957656213
2.1108720531013963
0.7573357747768368
2.703849851224536
0.24170290684367132
2.758635843442435
0.24170290684367132
2.668400091554131
2.8069764248111695
0.3835019455252918
2.935884641794461
0.26426184481574727
3.13246967269398
0.2223666742961776
3.219482719157702
0.2223666742961776
3.219482719157702
0.2223666742961776
3.196923781185626
1.6725841153582053
0.2223666742961776
2.346129549095903
1.9561821927214464
0.4705149919890135
3.219482719157702
0.2223666742961776
3.219482719157702
0.23525749599450674
1.5920164797436482
2.839203479056992
0.21914396887159532
3.219482719157702
0.49951934081025406
1.0151522087434195
3.051902037079423
0.2223666742961776
3.219482719157702
1.4341039139391165
0.33838406958113987
3.219482719157702
0.24170290684367132
1.0924971389333944
3.2227054245822844
0.2223666742961776
2.961666285191119
2.6522865644312197
0.2255893797207599
3.206591897459373
2.423474479285878
0.2223666742961776
3.196923781185626
2.7296314946211946
0.2223666742961776
2.587832455939574
3.093797207598993
0.2223666742961776
0.9668116273746853
3.219482719157702
0.5833096818493934
0.2223666742961776
3.219482719157702
2.4975967040512703
0.2223666742961776
1.5501213092240786
3.219482719157702
1.1215014877546348
0.2223666742961776
2.961666285191119
3.219482719157702
0.24170290684367132
0.2223666742961776
2.529823758297093
3.219482719157702
1.6725841153582053
0.2223666742961776
1.5082261387045088
3.219482719157702
2.4202517738612954
0.2223666742961776
0.2223666742961776
2.423474479285878
3.219482719157702
2.3944701304646374
0.2223666742961776
0.2223666742961776
2.114094758525978
3.219482719157702
2.7425223163195236
0.6574319066147859
0.2223666742961776
0.4866285191119249
2.758635843442435
3.219482719157702
2.9874479285877773
0.8636850537880522
0.2223666742961776
0.2223666742961776
3.219482719157702
2.890766765850309
1.5759029526207369
0.2223666742961776
0.2223666742961776
0.2223666742961776
1.3793179217212175
3.200146486610208
3.219482719157702
3.206591897459373
2.9874479285877773
1.8337193865873196
0.2223666742961776
0.2223666742961776
0.2223666742961776
0.6123140306706341
1.981963836118105
3.196923781185626
3.219482719157702
3.219482719157702
2.961666285191119
2.0818677042801554
0.5091874570840009
0.21914396887159532
0.2223666742961776
0.21914396887159532

 begin log for calibration v12021-03-030.18691691462577248
0.1836942092011902
2.062531471732662
1.405099565117876
2.494373998626688
3.155028610666056
0.16758068207827878
0.20625314717326618
0.17724879835202564
2.1366536964980547
1.3535362783245595
0.16113527122911422
3.1356923781185624
0.16113527122911422
0.48340581368734264
2.9133257038223848
0.16113527122911422
3.206591897459373
2.777972075989929
0.16113527122911422
3.142137788967727
0.17724879835202564
2.8359807736324103
3.1389150835431447
0.16113527122911422
3.142137788967727
0.16435797665369647
3.142137788967727
0.17724879835202564
1.4824444953078508
3.142137788967727
0.16113527122911422
2.5169329365987636
1.2955275806820783
0.16113527122911422
2.6265049210345617
2.268784618905928
0.18691691462577248
3.142137788967727
1.9336232547493706
0.16113527122911422
3.1937010757610436
3.142137788967727
0.17080338750286103
3.1840329594872965
1.3535362783245595
0.6477637903410391
3.1840329594872965
0.17080338750286103
2.0593087663080794
2.5362691691462578
1.5855710688944837
0.4866285191119249
3.219482719157702
0.1836942092011902
1.053824673838407
3.219482719157702
2.7844174868390934
0.17080338750286103
1.0409338521400777
3.1711421377889675
0.16113527122911422
0.18691691462577248
3.1711421377889675
1.5565667200732431
1.0248203250171664
0.16758068207827878
0.27715266651407644
3.155028610666056
1.8143831540398259
1.90461890592813
0.16113527122911422
3.142137788967727
3.051902037079423
0.16113527122911422
0.7927855344472419
3.155028610666056
2.6845136186770424
0.15791256580453192
0.5317463950560769
3.155028610666056
2.3493522545204852
0.15791256580453192
0.6542092011902036
3.142137788967727
3.155028610666056
3.155028610666056
1.6500251773861294
0.15791256580453192
0.5736415655756466
3.155028610666056
3.155028610666056
0.17080338750286103
0.15791256580453192
1.521116960402838
3.155028610666056
1.9980773632410163
3.155028610666056
2.346129549095903
3.155028610666056
2.552382696269169
3.155028610666056
2.381579308766308
0.16113527122911422
0.16113527122911422
1.021597619592584
2.3300160219729915
0.16113527122911422
1.9594048981460288
3.155028610666056
3.155028610666056
2.1624353398947123
0.16113527122911422
0.15791256580453192
0.15791256580453192
1.2600778210116732
0.15791256580453192
0.16113527122911422
1.1988464179446097
0.15791256580453192
3.155028610666056
2.255893797207599
3.155028610666056
3.155028610666056
0.7057724879835202
2.1237628747997253
0.15791256580453192
0.15146715495536736
1.6886976424811169
2.7715266651407644
3.155028610666056
3.155028610666056
2.317125200274662
0.6638773174639505
3.155028610666056
3.155028610666056
3.155028610666056
3.1163561455710687
1.5372304875257494
0.16113527122911422
0.16113527122911422
0.16113527122911422
0.6542092011902036
0.9797024490730144
3.13246967269398
3.1389150835431447
2.213998626688029
3.155028610666056
3.155028610666056
0.5317463950560769
2.3074570840009154
1.2310734721904324
0.17080338750286103
0.16113527122911422
0.16113527122911422
0.15791256580453192
0.15146715495536736
3.155028610666056
3.035788509956512
2.755413138017853
2.5813870450904095
2.297788967727169
1.7982696269169145
1.9271778439002059
0.15146715495536736
0.15791256580453192
2.101203936827649
0.16113527122911422
3.155028610666056
0.15791256580453192
1.8788372625314715
2.410583657587549
0.15146715495536736
3.148583199816892
3.1389150835431447
2.6007232776379032
0.15146715495536736
3.145360494392309
2.08831311512932
0.15146715495536736
0.15146715495536736
1.1086106660563058
3.148583199816892
3.148583199816892
3.148583199816892
3.142137788967727
1.7757106889448386
0.7798947127489128
0.15146715495536736
0.15146715495536736
0.15146715495536736
1.3760952162966353
0.16113527122911422
0.15146715495536736
0.15146715495536736
0.17080338750286103
1.7757106889448386
2.719963378347448
3.148583199816892
3.148583199816892
0.737999542229343
0.15146715495536736
3.13246967269398
1.3245319295033189
0.15146715495536736
2.4331425955596244
3.148583199816892
1.6951430533302816
0.15146715495536736
0.15146715495536736
0.3577203021286335
0.15146715495536736
0.17402609292744334
2.1624353398947123
3.145360494392309
3.093797207598993
1.6371343556878002
0.15146715495536736
2.9648889906157017
1.7048111696040282
0.14824444953078506
0.14824444953078506
0.15146715495536736
1.5146715495536736
3.145360494392309
3.148583199816892
0.5317463950560769
2.881098649576562
3.145360494392309
3.148583199816892
3.093797207598993
2.7618585488670173
2.7360769054703593
2.4685923552300295
2.6812909132524605
2.9326619363698785
3.148583199816892
3.145360494392309
3.148583199816892
3.142137788967727
0.15146715495536736
0.14824444953078506
2.346129549095903
1.8143831540398259
0.14824444953078506
0.14824444953078506
0.9152483405813686
2.317125200274662
3.145360494392309
3.145360494392309
1.2697459372854198
0.21269855802243073
0.14824444953078506
1.3632043945983061
3.145360494392309
3.13246967269398
0.14824444953078506
2.8327580682078275
0.14824444953078506
