2021-05-01_17:27:45.957426

 begin log for calibration v1VoltsVis0.7508903639276722
2.410583657587549
1.1215014877546348
1.981963836118105
2.9101029983978024
0.7863401235980773
0.8765758754863813
0.895912108033875
2.5008194094758522
2.993893339436942
2.7425223163195236
1.0183749141680019
2.703849851224536
0.8153444724193178
0.8572396429388875
1.1182787823300526
2.678068207827878
3.1163561455710687
1.7982696269169145
2.4975967040512703
3.103465323872739
1.5597894254978255
0.8185671778439001
1.1182787823300526
2.839203479056992
2.2172213321126115
3.258155184252689
2.1882169832913707
1.2504097047379261
1.8788372625314715
3.267823300526436
2.6909590295262076
1.9368459601739527
2.4975967040512703
0.31260242618448153
0.5349691004806592
0.4060608834973678
1.633911650263218
1.9175097276264592
1.8788372625314715
0.051563286793316544
0.051563286793316544
0.33838406958113987
2.668400091554131
2.7296314946211946
2.861762417029068
0.5317463950560769
2.9101029983978024
3.097019913023575
3.1228015564202334
0.6735454337376974
2.7715266651407644
1.102165255207141
2.6168368047608146
3.2227054245822844
2.9648889906157017
0.8572396429388875
1.9561821927214464
1.6532478828107118
3.06157015335317
3.2517097734035247
3.0390112153810938
2.703849851224536
1.9690730144197757
0.941029983978027
1.2085145342183565
2.0560860608834974
2.552382696269169
2.9906706340123597
0.8540169375143053
3.093797207598993
2.9777798123140307
2.0367498283360037
1.543675898374914
1.0409338521400777
0.8926894026092926
1.6177981231403067
2.7940856031128405
3.258155184252689
3.196923781185626
0.9829251544975967
2.1882169832913707
2.703849851224536
3.2710460059510185
3.13246967269398
0.9861478599221789
0.9539208056763561
1.5855710688944837
2.3493522545204852
0.8379034103913939
2.0560860608834974
3.2710460059510185
2.8972121766994734
2.1237628747997253
1.2729686427100022
0.7670038910505836
1.189178301670863
2.1592126344701303
3.148583199816892
2.935884641794461
1.8949507896543831
0.8217898832684825
0.7573357747768368
1.5372304875257494
2.9648889906157017
3.2420416571297777
1.8047150377660792
0.6735454337376974
1.4824444953078508
3.0164522774090177
1.7048111696040282
0.6445410849164569
2.7844174868390934
1.7789333943694208
0.6542092011902036
2.861762417029068
2.317125200274662
0.6058686198214694
1.981963836118105
3.1711421377889675
2.8359807736324103
2.4975967040512703
0.9378072785534447
0.6477637903410391
1.3922087434195467
3.1711421377889675
3.0809063859006636
0.9120256351567865
1.8949507896543831
1.5759029526207369
1.0248203250171664
2.655509269855802
0.9635889219501029
0.828235294117647
2.603945983062485
3.2710460059510185
2.758635843442435
1.5920164797436482
1.8788372625314715
1.098942549782559
3.258155184252689
3.2710460059510185
1.981963836118105
1.134392309452964
3.1163561455710687
1.859501029983978
0.6961043717097734
2.1173174639505605
3.1937010757610436
1.79182421606775
0.7186633096818493
1.5920164797436482
3.219482719157702
1.3148638132295718
2.2397802700846876
1.8047150377660792
2.1753261615930417
3.0809063859006636
0.9120256351567865
3.196923781185626
0.8926894026092926
3.167919432364385
0.9539208056763561
3.142137788967727
1.1505058365758754
3.0809063859006636
1.2342961776150148
2.8456488899061565
1.3922087434195467
1.1086106660563058
0.7734493018997483
2.6168368047608146
0.42539711604486147
2.9648889906157017
0.4576241702906843
3.029343099107347
0.544637216754406
2.9777798123140307
0.8830212863355458
2.9487754634927903
1.292304875257496
2.668400091554131
3.097019913023575
2.359020370794232
1.6983657587548637
2.9874479285877773
0.8830212863355458
3.1711421377889675
1.1086106660563058
2.2172213321126115
2.462146944380865
1.0957198443579768
3.2710460059510185
0.8153444724193178
3.2710460059510185
3.2710460059510185
1.5823483634699016
3.1840329594872965
1.2342961776150148
1.6854749370565345
2.8746532387273973
0.5994232089723048
2.7940856031128405
2.2430029755092695
0.6123140306706341
2.777972075989929
2.6168368047608146
0.5994232089723048
2.7006271457999538
2.4492561226825362
2.9777798123140307
0.5865323872739757
2.2172213321126115
3.1937010757610436
1.0506019684138246
1.3760952162966353
3.2710460059510185
2.5233783474479283
0.5317463950560769
1.79182421606775
2.984225223163195
1.3889860379949646
0.5994232089723048
2.320347905699245
3.142137788967727
1.598461890592813
0.7637811856260013
2.278452735179675
3.24526436255436
2.8359807736324103
1.1472831311512932
1.169842069123369
2.6007232776379032
3.1163561455710687
1.8788372625314715
0.679990844586862
0.9313618677042801
2.2720073243305103
3.2710460059510185
3.051902037079423
2.085090409704738
0.8056763561455711
0.7863401235980773
1.756374456397345
2.7715266651407644
3.2420416571297777
2.8843213550011444
1.9110643167772945
0.6896589608606087
0.5317463950560769
0.6961043717097734
1.5468986037994965
2.1398764019226366
2.758635843442435
3.0132295719844358
3.2710460059510185
3.13246967269398
2.1398764019226366
1.6596932936598765
0.7927855344472419
0.3544975967040513
0.18691691462577248
0.4060608834973678
0.6961043717097734
1.6983657587548637
1.5791256580453192
1.6886976424811169
2.0109681849393453
2.072199588006409
0.8153444724193178
1.1311696040283816
1.6242435339894712
2.0496406500343327
1.9690730144197757
2.3300160219729915
2.346129549095903
2.452478828107118
2.3074570840009154
2.5491599908445868
2.4331425955596244
2.5137102311741817
2.323570611123827
2.417029068436713
2.339684138246738
2.4009155413138017
2.320347905699245
2.246225680933852
1.8852826733806363
1.9175097276264592
1.9690730144197757
1.8659464408331423
2.133430991073472
2.317125200274662
2.291343556878004
2.072199588006409
1.8659464408331423
1.4792217898832682
1.4792217898832682
3.2710460059510185
3.258155184252689
2.6168368047608146
2.417029068436713
1.859501029983978
1.6210208285648888
2.381579308766308
2.8875440604257263
3.2710460059510185
3.2710460059510185
3.042233920805676
2.678068207827878
1.8788372625314715
0.895912108033875
0.4640695811398489
0.6735454337376974
1.7628198672465094
2.703849851224536
2.565273517967498
0.8604623483634698
0.09345845731288624
1.4888899061570153
2.719963378347448
2.4492561226825362
0.7960082398718241
0.34160677500572206
2.1882169832913707
2.9874479285877773
1.7273701075761043
0.5607507438773174
2.265561913481346
3.042233920805676
1.6596932936598765
0.6155367360952162
2.4492561226825362
2.7296314946211946
0.8314579995422293
0.5414145113298238
2.565273517967498
2.703849851224536
0.8314579995422293
0.9958159761959258
2.9101029983978024
1.4824444953078508
0.34160677500572206
2.5137102311741817
1.9432913710231172
0.19658503089951931
2.6845136186770424
0.3802792401007095
1.5855710688944837
2.1366536964980547
0.23203479056992446
2.6007232776379032
0.13213092240787364
2.655509269855802
0.6380956740672923
1.7757106889448386
2.1237628747997253
0.11924010070954451
2.758635843442435
0.42539711604486147
2.1882169832913707
1.1311696040283816
1.3632043945983061
2.0818677042801554
0.9345845731288625
2.31390249485008
3.0390112153810938
0.5156328679331655
2.942330052643625
0.5317463950560769
2.417029068436713
1.021597619592584
1.756374456397345
2.4428107118333715
0.9797024490730144
3.167919432364385
0.7251087205310139
3.0003387502861063
1.8433875028610665
1.4631082627603569
3.2710460059510185
0.737999542229343
3.13246967269398
1.8788372625314715
1.5855710688944837
3.2355962462806134
0.8540169375143053
2.484705882352941
2.7296314946211946
0.8121217669947356
3.0680155642023346
2.291343556878004
0.7122178988326848
2.1398764019226366
3.0003387502861063
1.1988464179446097
2.346129549095903
2.552382696269169
2.317125200274662
0.6155367360952162
2.1108720531013963
3.097019913023575
1.359981689173724
1.1053879606317234
2.9648889906157017
2.8875440604257263
0.9474753948271916
1.6983657587548637
0.9474753948271916
3.258155184252689
2.1398764019226366
3.258155184252689
2.1882169832913707
1.098942549782559
2.484705882352941
3.2710460059510185
3.0132295719844358
1.0151522087434195
1.5501213092240786
0.9571435111009383
2.5362691691462578
2.4975967040512703
3.2484870679789424
3.219482719157702
2.858539711604486
1.0151522087434195
0.5833096818493934
1.4212130922407873
2.719963378347448
3.042233920805676
2.7876401922636758
1.7757106889448386
1.2697459372854198
0.6219821469443808
0.9442526894026093
2.8649851224536507
2.1269855802243076
1.0248203250171664
0.5704188601510644
1.053824673838407
0.6638773174639505
1.0860517280842297
2.4331425955596244
2.829535362783245
2.8875440604257263
2.529823758297093
2.346129549095903
1.5855710688944837
0.9281391622796978
0.8830212863355458
1.633911650263218
0.045117875944151974
0.045117875944151974
1.6596932936598765
1.8659464408331423
3.258155184252689
3.258155184252689
3.2710460059510185
3.2710460059510185
3.2710460059510185
3.258155184252689
3.2710460059510185
3.258155184252689
3.2710460059510185
3.267823300526436
3.2710460059510185
3.2710460059510185
3.2710460059510185
3.2710460059510185
3.2710460059510185
3.258155184252689
3.2355962462806134
3.200146486610208
3.1711421377889675
3.145360494392309
3.119578850995651
3.093797207598993
3.064792858777752
3.035788509956512
3.0100068665598534
2.984225223163195
2.9487754634927903
2.9262165255207138
2.8972121766994734
2.881098649576562
2.8553170061799036
2.8359807736324103
2.8069764248111695
2.4202517738612954
1.79182421606775
0.33838406958113987
0.051563286793316544
0.045117875944151974
0.045117875944151974
0.045117875944151974
0.045117875944151974
0.045117875944151974
0.045117875944151974
0.045117875944151974
0.045117875944151974
0.045117875944151974
0.051563286793316544
0.045117875944151974
0.045117875944151974
0.045117875944151974
0.051563286793316544
0.045117875944151974
0.045117875944151974
0.045117875944151974
0.08379034103913939
0.13857633325703822
0.18691691462577248
0.23525749599450674
0.27715266651407644
0.32549324788281064
0.3673884184023804
0.4060608834973678
0.4447333485923552
0.48340581368734264
0.52207827878233
0.5607507438773174
0.5994232089723048
0.6348729686427099
0.6638773174639505
0.7057724879835202
0.7573357747768368
1.5855710688944837
1.521116960402838
1.3535362783245595
1.4244357976653697
1.4018768596932936
1.56623483634699
1.0151522087434195
0.9539208056763561
1.021597619592584
1.169842069123369
1.5823483634699016
2.1946623941405354
2.5717189288166624
2.6168368047608146
2.6265049210345617
1.031265735866331
0.9861478599221789
1.1118333714808881
1.475999084458686
1.981963836118105
2.565273517967498
2.475037766079194
2.4428107118333715
1.6468024719615473
1.0280430304417487
1.15695124742504
1.6274662394140536
2.4460334172579534
3.142137788967727
3.0680155642023346
2.0077454795147633
1.0377111467154954
1.169842069123369
1.517894254978256
1.8304966811627372
2.823089951934081
3.0454566262302585
2.803753719386587
2.114094758525978
1.1150560769054703
1.1215014877546348
1.5501213092240786
2.552382696269169
2.9681116960402836
3.219482719157702
2.9648889906157017
2.213998626688029
1.2987502861066604
1.0828290226596475
1.4985580224307622
2.291343556878004
3.1711421377889675
1.9465140764476996
1.1118333714808881
1.9175097276264592
1.1988464179446097
1.179510185397116
1.56623483634699
2.0818677042801554
2.8553170061799036
2.9262165255207138
3.258155184252689
3.206591897459373
3.1389150835431447
2.8972121766994734
2.1366536964980547
1.282636758983749
1.2600778210116732
2.1173174639505605
3.142137788967727
3.2710460059510185
2.3944701304646374
1.981963836118105
0.8475715266651408
1.395431448844129
2.039972533760586
3.1163561455710687
3.167919432364385
2.7876401922636758
1.601684596017395
1.1150560769054703
0.9893705653467612
1.6500251773861294
3.142137788967727
3.2710460059510185
3.0680155642023346
1.849832913710231
1.076383611810483
1.5855710688944837
2.7296314946211946
3.1163561455710687
3.2710460059510185
2.5781643396658276
1.1956237125200275
1.430881208514534
2.8456488899061565
3.206591897459373
1.9980773632410163
0.8056763561455711
1.4147676813916226
2.7844174868390934
3.042233920805676
2.030304417486839
1.5694575417715724
0.5639734493018997
1.0054840924696726
2.1882169832913707
2.8359807736324103
2.317125200274662
0.6380956740672923
0.9539208056763561
0.5285236896314945
0.679990844586862
1.0409338521400777
2.1624353398947123
2.204330510414282
2.993893339436942
0.9442526894026093
1.8659464408331423
1.9980773632410163
1.440549324788281
1.1537285420004577
1.1859555962462804
1.8014923323414966
3.2710460059510185
3.2710460059510185
3.2710460059510185
2.5233783474479283
1.5082261387045088
1.247186999313344
1.6693614099336231
2.7715266651407644
3.2710460059510185
3.196923781185626
1.395431448844129
2.6845136186770424
1.6693614099336231
1.405099565117876
1.4534401464866102
1.3793179217212175
2.2172213321126115
3.167919432364385
3.2710460059510185
2.7296314946211946
1.9175097276264592
1.5050034332799267
1.8530556191348135
3.051902037079423
3.0809063859006636
3.258155184252689
3.1163561455710687
1.7273701075761043
1.4373266193636987
1.543675898374914
1.598461890592813
2.8069764248111695
3.258155184252689
3.2710460059510185
2.935884641794461
1.9013962005035476
1.4985580224307622
1.2536324101625085
1.6532478828107118
2.6393957427328907
3.1937010757610436
3.064792858777752
2.423474479285878
1.4921126115815975
0.7122178988326848
0.9829251544975967
1.292304875257496
2.133430991073472
2.346129549095903
2.210775921263447
1.1537285420004577
0.18691691462577248
0.045117875944151974
0.045117875944151974
0.045117875944151974
1.5855710688944837
0.9861478599221789
1.3922087434195467
2.3944701304646374
1.6500251773861294
2.0915358205539025
2.452478828107118
2.4782604715037766
2.1237628747997253
1.0828290226596475
0.23203479056992446
0.29326619363698786
0.34482948043030437
1.057047379262989
1.714479285877775
2.1946623941405354
0.2707072556649119
2.1882169832913707
1.1215014877546348
0.4286198214694438
2.5040421149004346
3.258155184252689
3.2710460059510185
2.3493522545204852
0.6252048523689631
0.17080338750286103
0.760558480201419
2.359020370794232
3.267823300526436
3.2710460059510185
1.7789333943694208
0.05478599221789883
0.34160677500572206
2.381579308766308
3.258155184252689
3.2710460059510185
3.0809063859006636
1.9175097276264592
1.0506019684138246
0.41250629434653235
0.43828793774319064
1.2858594644083312
2.4492561226825362
2.8069764248111695
2.758635843442435
2.655509269855802
1.3374227512016479
0.4672922865644312
0.6606546120393683
2.781194781414511
0.4866285191119249
0.2868207827878233
0.4866285191119249
0.6155367360952162
1.0473792629892424
2.08831311512932
1.56623483634699
1.5114488441290912
2.7521904325932707
2.9874479285877773
2.7360769054703593
2.9101029983978024
3.064792858777752
3.196923781185626
3.206591897459373
3.2710460059510185
2.755413138017853
2.4975967040512703
1.8401647974364843
1.4985580224307622
1.6468024719615473
1.7015884641794459
2.1398764019226366
2.655509269855802
3.258155184252689
3.2710460059510185
2.758635843442435
1.981963836118105
1.4147676813916226
1.1730647745479514
1.076383611810483
1.5468986037994965
2.3976928358892193
2.381579308766308
3.267823300526436
3.258155184252689
3.2710460059510185
3.258155184252689
3.2710460059510185
2.9648889906157017
2.085090409704738
1.930400549324788
1.6596932936598765
1.7273701075761043
1.9110643167772945
2.278452735179675
2.323570611123827
2.597500572213321
2.668400091554131
1.962627603570611
2.8746532387273973
2.6007232776379032
1.8337193865873196
1.56623483634699
1.4212130922407873
1.4888899061570153
1.8079377431906614
2.935884641794461
3.2710460059510185
3.2710460059510185
3.2710460059510185
3.206591897459373
2.603945983062485
1.9594048981460288
1.9690730144197757
2.085090409704738
3.258155184252689
3.2710460059510185
3.2742687113756004
2.5201556420233464
1.6983657587548637
1.3213092240787365
1.827273975738155
2.8069764248111695
3.2710460059510185
3.2710460059510185
1.4018768596932936
1.598461890592813
2.6909590295262076
3.267823300526436
1.8659464408331423
1.237518883039597
2.3074570840009154
3.2710460059510185
2.291343556878004
1.4985580224307622
0.9378072785534447
1.849832913710231
3.0680155642023346
2.9874479285877773
2.9487754634927903
1.5726802471961545
0.8121217669947356
1.3503135728999769
2.935884641794461
2.5362691691462578
0.8507942320897229
0.9152483405813686
2.7715266651407644
2.8746532387273973
1.3632043945983061
2.9777798123140307
2.6297276264591436
0.8411261158159762
1.5823483634699016
2.9874479285877773
2.9101029983978024
1.189178301670863
1.1472831311512932
2.4331425955596244
2.2526710917830166
3.0680155642023346
2.0206363012130923
0.5962005035477226
1.882059967956054
2.8456488899061565
2.655509269855802
0.6832135500114441
0.9216937514305332
1.2761913481345846
2.8327580682078275
2.9262165255207138
1.6886976424811169
0.8314579995422293
1.9980773632410163
2.107649347676814
0.9958159761959258
0.045117875944151974
0.32549324788281064
2.0818677042801554
2.065754177157244
0.5317463950560769
0.051563286793316544
0.058008697642481115
1.8079377431906614
2.2526710917830166
1.3213092240787365
1.4018768596932936
0.40283817807278555
0.19658503089951931
1.8530556191348135
2.291343556878004
1.3213092240787365
0.045117875944151974
0.8411261158159762
2.291343556878004
2.0109681849393453
1.15695124742504
0.2803753719386587
1.3696498054474708
2.7264087891966122
2.3300160219729915
1.6081300068665596
1.4276585030899518
1.4824444953078508
2.9101029983978024
2.381579308766308
0.8346807049668116
1.5501213092240786
3.2420416571297777
3.2710460059510185
1.5952391851682308
3.093797207598993
1.1408377203021287
1.598461890592813
1.6983657587548637
2.984225223163195
3.2710460059510185
3.2710460059510185
1.3084184023804073
1.7531517509727625
1.089274433508812
1.4695536736095216
0.7122178988326848
1.3922087434195467
1.79182421606775
2.7006271457999538
2.3074570840009154
0.5607507438773174
0.6832135500114441
2.268784618905928
2.574941634241245
0.7412222476539254
0.8443488212405584
2.317125200274662
2.9648889906157017
0.8572396429388875
2.3074570840009154
2.3074570840009154
0.5962005035477226
2.703849851224536
2.4492561226825362
2.758635843442435
0.8507942320897229
1.517894254978256
2.9777798123140307
2.552382696269169
1.0860517280842297
1.430881208514534
3.2227054245822844
2.678068207827878
1.2214053559166858
1.7241474021515222
3.267823300526436
3.1711421377889675
1.6177981231403067
1.1730647745479514
2.678068207827878
3.2710460059510185
2.6007232776379032
1.089274433508812
1.8659464408331423
3.2710460059510185
3.2710460059510185
2.6168368047608146
1.5823483634699016
1.5565667200732431
2.0367498283360037
3.042233920805676
3.267823300526436
3.258155184252689
1.2729686427100022
1.3342000457770655
1.6468024719615473
2.1269855802243076
2.9874479285877773
1.3632043945983061
3.196923781185626
2.6490638590066378
2.678068207827878
2.210775921263447
2.8972121766994734
2.7521904325932707
2.3944701304646374
3.2710460059510185
3.2710460059510185
3.2355962462806134
3.064792858777752
1.5565667200732431
3.2710460059510185
1.6596932936598765
2.0593087663080794
2.2945662623025864
2.1237628747997253
2.6168368047608146
2.220444037537194
1.6725841153582053
1.8433875028610665
1.5340077821011673
1.1827328908216983
1.3084184023804073
2.278452735179675
1.3503135728999769
0.9216937514305332
0.8185671778439001
1.67902952620737
1.1601739528496224
0.5059647516594187
0.4415106431677729
0.6735454337376974
1.0634927901121538
1.7015884641794459
2.6587319752803844
3.1711421377889675
2.6909590295262076
2.6393957427328907
2.7296314946211946
2.6297276264591436
2.2011078049897
1.6886976424811169
1.6725841153582053
1.8304966811627372
1.2536324101625085
1.134392309452964
0.8604623483634698
0.6445410849164569
0.6509864957656213
1.1827328908216983
1.0473792629892424
0.27715266651407644
0.051563286793316544
0.051563286793316544
0.26426184481574727
0.7766720073243305
1.4921126115815975
2.655509269855802
2.410583657587549
2.7296314946211946
2.452478828107118
2.5266010528725107
2.719963378347448
2.565273517967498
2.4009155413138017
2.291343556878004
2.0045227740901805
1.598461890592813
1.4534401464866102
0.9088029297322041
0.6542092011902036
0.6477637903410391
0.8121217669947356
1.2214053559166858
0.9925932707713435
1.756374456397345
1.6532478828107118
2.368688487067979
2.758635843442435
2.8875440604257263
2.823089951934081
2.3976928358892193
1.9594048981460288
1.2568551155870908
1.3148638132295718
0.9442526894026093
2.632950331883726
2.371911192492561
1.8756145571068894
1.5050034332799267
1.15695124742504
1.053824673838407
1.395431448844129
1.7499290455481802
2.268784618905928
3.13246967269398
3.200146486610208
3.206591897459373
2.9487754634927903
2.5008194094758522
2.4492561226825362
1.981963836118105
2.213998626688029
3.0680155642023346
2.7844174868390934
2.5137102311741817
2.494373998626688
2.1173174639505605
2.1108720531013963
1.7757106889448386
1.292304875257496
1.1601739528496224
0.7702265964751659
1.098942549782559
1.0699382009613183
0.7863401235980773
1.1118333714808881
1.7789333943694208
2.184994277866789
1.7757106889448386
1.67902952620737
2.0045227740901805
1.3213092240787365
0.9958159761959258
1.1440604257267109
1.169842069123369
1.9529594872968643
2.758635843442435
2.881098649576562
3.0164522774090177
3.267823300526436
2.9777798123140307
1.5501213092240786
0.8024536507209887
1.5468986037994965
2.8359807736324103
2.8134218356603338
2.4782604715037766
0.9313618677042801
0.5607507438773174
1.67902952620737
2.552382696269169
2.632950331883726
1.90461890592813
0.08701304646372167
0.4447333485923552
1.4147676813916226
2.7940856031128405
2.4331425955596244
0.351274891279469
0.1836942092011902
2.255893797207599
2.204330510414282
1.1440604257267109
0.051563286793316544
0.20947585259784848
1.9594048981460288
1.9465140764476996
1.214959945067521
0.045117875944151974
0.051563286793316544
0.8507942320897229
1.8047150377660792
1.7660425726710915
1.057047379262989
0.5091874570840009
0.39639276722362093
0.4866285191119249
0.8572396429388875
1.6306889448386357
2.08831311512932
2.1237628747997253
0.5059647516594187
3.0100068665598534
2.6522865644312197
1.6274662394140536
0.9958159761959258
0.8636850537880522
2.5233783474479283
0.9603662165255207
1.0183749141680019
2.777972075989929
2.6297276264591436
2.7844174868390934
2.3976928358892193
2.265561913481346
1.440549324788281
1.8014923323414966
2.9874479285877773
1.4018768596932936
2.8843213550011444
2.410583657587549
2.255893797207599
1.6983657587548637
3.167919432364385
2.371911192492561
3.042233920805676
2.0818677042801554
1.8756145571068894
1.7402609292744335
2.072199588006409
1.4663309681849392
2.8069764248111695
1.7821560997940031
2.0818677042801554
1.8433875028610665
1.5146715495536736
1.7531517509727625
1.6983657587548637
1.9336232547493706
2.3300160219729915
1.4534401464866102
1.1924010070954452
2.823089951934081
1.4437720302128632
2.8972121766994734
